,Ticker,Price,OneYearPercentageChange
0,AOS,56.900001525878906,-0.31560968483345303
1,ATEN,17.020000457763672,0.021706000797361426
2,AAC,10.069999694824219,0.03388089645387849
3,AIR,42.88999938964844,0.10826869623014275
4,AAN,11.369999885559082,-0.5277539367870545
5,ABB,30.299999237060547,-0.18743230275985817
6,ABT,108.18000030517578,-0.22242826170215285
7,ABBV,163.10000610351562,0.2607281209175535
8,ANF,22.260000228881836,-0.35868623405294947
9,JEQ,5.340000152587891,-0.2813795561359897
10,ABM,44.11000061035156,0.08550106445675719
11,AKR,14.300000190734863,-0.3104333885061294
12,ACN,266.0899963378906,-0.3505884131706534
13,ACCO,5.579999923706055,-0.2821911186845731
14,GOLF,43.279998779296875,-0.15999961796599318
15,AYI,166.35000610351562,-0.22359666589752136
16,ADX,14.59000015258789,-0.1999316799719189
17,AGRO,8.40999984741211,0.152081232969827
18,ADPT,7.5,-0.7209821341457919
19,ADNT,34.060001373291016,-0.2838519682545972
20,AAP,143.27999877929688,-0.37235285247307737
21,WMS,82.77999877929688,-0.38723668318715493
22,ASX,6.340000152587891,-0.11891865098561451
23,ASIX,38.66999816894531,-0.16432740737834073
24,AVK,11.229999542236328,-0.3001024213568975
25,ACM,84.69000244140625,0.11794551997489466
26,AEG,5.139999866485596,0.07478086581223502
27,AER,56.68000030517578,-0.13781560470032925
28,HIVE,1.590000033378601,-0.8967532420283043
29,AJRD,55.79999923706055,0.21014960959539886
30,AES,28.68000030517578,0.24579345514728312
31,AMG,156.9199981689453,-0.05890239631522803
32,MGR,22.579999923706055,-0.11766939184640275
33,AFL,71.75,0.26488846333273547
34,MITT,5.760000228881836,-0.3908167393424413
35,AGCO,134.1699981689453,0.1983234579939484
36,A,149.22999572753906,-0.053888735824685424
37,AEM,52.619998931884766,0.0568198159677049
38,ADC,71.5,0.06598952784058149
39,AL,37.36000061035156,-0.14366773430222915
40,APD,312.0400085449219,0.058702331263646094
41,ALG,141.52999877929688,-0.023727625427071998
42,AGI,9.989999771118164,0.34684038546013585
43,ALK,43.310001373291016,-0.17692888155785222
44,AIN,98.69999694824219,0.1148606334368238
45,ALB,226.9600067138672,-0.019983014151359856
46,AA,44.20000076293945,-0.25577052885298146
47,ALR,0.7400000095367432,-0.744827591309791
48,ALEX,18.68000030517578,-0.2149469571970263
49,ALX,217.4600067138672,-0.09413330526387516
50,ARE,147.24000549316406,-0.31242152576605564
51,AQN,6.760000228881836,-0.5056279626844129
52,BABA,85.6500015258789,-0.2653743527218597
53,ATI,30.290000915527344,0.9050315498263652
54,ALLE,105.02999877929688,-0.1796368911601913
55,ALE,64.6500015258789,0.039202849055991744
56,AWF,9.5,-0.1346779805569331
57,AB,34.27000045776367,-0.23573625447364407
58,AFB,10.449999809265137,-0.2726303756478963
59,LNT,55.29999923706055,-0.049996949439532416
60,NCV,3.5199999809265137,-0.31122146450935745
61,NCZ,2.990000009536743,-0.3336564017654297
62,NIE,20.25,-0.2665273343618832
63,NFJ,11.260000228881836,-0.23865360399607738
64,AWH,0.3199999928474426,-0.8232044182520625
65,ALSN,42.25,0.23219985083102074
66,ALL,136.3699951171875,0.2065693992361352
67,ALLY,23.93000030517578,-0.48042413173365534
68,AGD,9.40999984741211,-0.16034556616404777
69,AWP,3.990000009536743,-0.3382945604390347
70,AOD,7.889999866485596,-0.17584218953389902
71,RESI,9.899999618530273,-0.3290864793782788
72,MO,46.2400016784668,0.06936727608157355
73,ABEV,2.809999942779541,0.0809209017889406
74,AMC,4.400000095367432,-0.846689896222958
75,AEE,89.52999877929688,0.04967516079162892
76,AMRC,56.33000183105469,-0.30085637278867583
77,AAT,26.530000686645508,-0.24674909375583173
78,AXL,7.650000095367432,-0.1913319170698528
79,AEO,14.59000015258789,-0.3779004152637422
80,AEP,95.69000244140625,0.13654995828423752
81,AEL,46.0,0.1852002121023143
82,AXP,147.02000427246094,-0.09406367474873581
83,AFG,137.82000732421875,0.11146247685779101
84,AMH,30.469999313354492,-0.2760605958986425
85,AIG,63.15999984741211,0.13541200564928166
86,AMID,23.371999740600586,-0.05647733934913143
87,ARL,26.0,1.2530329363905013
88,AWR,93.72000122070312,-0.05499296595247127
89,AMT,212.4499969482422,-0.24263357094001492
90,AVD,22.149999618530273,0.4044507369842265
91,AWK,153.02000427246094,-0.1519807190836068
92,AMP,308.2699890136719,0.019929505314464073
93,ABC,170.00999450683594,0.30510847483714804
94,AME,139.3800048828125,-0.034394078163439104
95,AMN,103.45999908447266,-0.1672569151368013
96,AP,2.680000066757202,-0.4297871966985823
97,APH,75.80999755859375,-0.1180300530767151
98,AXR,11.859999656677246,-0.29109384451950204
99,AMX,18.739999771118164,-0.07770950068882031
100,AMOV,18.75,-0.07448074409850138
101,AU,19.43000030517578,-0.010270651965659305
102,BUD,60.369998931884766,0.004392111943639006
103,NLY,22.489999771118164,-0.21433864781810283
104,AR,33.93000030517578,0.7792344440563735
105,AM,10.890000343322754,0.21104359165693434
106,ANTX,9.529999732971191,-0.381168833179445
107,AON,300.5899963378906,0.014825508644847704
108,APA,47.25,0.7169898742917296
109,AIV,7.320000171661377,-0.05343054169550352
110,ARI,11.300000190734863,-0.05243575622629022
111,APO,64.25,-0.10892048118473473
112,AIB,10.199999809265137,0.03869655053464033
113,AFT,12.34000015258789,-0.16192814530968933
114,AIF,12.210000038146973,-0.13027765927673
115,APLE,15.829999923706055,0.006144107671451506
116,AIT,126.33000183105469,0.23570546848233237
117,ATR,110.01000213623047,-0.06938756885898895
118,ARMK,41.5,0.15577916888043647
119,ABR,13.699999809265137,-0.1734576608448775
120,ARC,2.7799999713897705,-0.14961750467904314
121,MT,26.65999984741211,-0.1720189135456761
122,ARCH,147.25,0.8747688879520612
123,ADM,94.62000274658203,0.4592997991791372
124,AROC,8.640000343322754,0.22967417023738798
125,ARNC,21.530000686645508,-0.37101954500233975
126,ARCO,8.319999694824219,0.5928504826212706
127,ASC,14.520000457763672,3.2705882501437173
128,ACRE,10.9399995803833,-0.1881132851456512
129,ARDC,11.770000457763672,-0.18056505286635313
130,ARES,67.69000244140625,-0.15302765465711146
131,AGX,36.43000030517578,-0.022919865441952018
132,ANET,119.7699966430664,-0.18435031578544836
133,AI,10.899999618530273,-0.6716867660226761
134,AHH,11.6899995803833,-0.1956128548093321
135,ARR,5.889999866485596,-0.2915745592724273
136,AWI,69.33000183105469,-0.39311408682230226
137,ARW,103.93000030517578,-0.22578965992020736
138,AJG,188.41000366210938,0.11852865145134435
139,APAM,30.809999465942383,-0.29559608911432944
140,ASA,14.539999961853027,-0.31230627696245344
141,ABG,169.00999450683594,0.009075102775215515
142,AHT,4.550000190734863,-0.5699432680958801
143,ASH,108.19000244140625,0.04491874046317892
144,ASPN,11.609999656677246,-0.7815616307927234
145,ASB,22.729999542236328,0.037315108767331434
146,AC,40.689998626708984,-0.10092563037006924
147,AIZ,125.02999877929688,-0.17026338829221999
148,AGO,63.220001220703125,0.3155470968055359
149,AZN,67.9800033569336,0.1986295956727444
150,T,18.309999465942383,0.051209792487173215
151,ATTO,4.260000228881836,-0.8168135720224466
152,ATKR,113.98999786376953,0.018495351400019823
153,ATO,115.0999984741211,0.1336289239134788
154,AUD,0.23000000417232513,-0.9105058326277411
155,ATHM,31.610000610351562,0.18288043722642836
156,ALV,74.56999969482422,-0.24055965572796698
157,AN,107.13999938964844,-0.05486945295707012
158,AZO,2430.64990234375,0.18738573015464488
159,AVB,163.02999877929688,-0.3277783454250593
160,AGR,43.2400016784668,-0.0726088465490166
161,ACP,7.170000076293945,-0.20117636533753405
162,AVY,181.11000061035156,-0.13382004100575387
163,AVA,43.84000015258789,0.10613509574834959
164,AVT,41.7400016784668,0.036129971499039897
165,AXTA,25.670000076293945,-0.20820476477130406
166,AXS,54.81999969482422,0.06986470141243963
167,AXON,168.97999572753906,0.048783520658840285
168,AZRE,4.659999847412109,-0.7214584593593361
169,AZZ,38.88999938964844,-0.2808412540085412
170,BGS,11.649999618530273,-0.6010876124643406
171,BWC,9.779999732971191,0.007209031364491867
172,MCI,13.90999984741211,-0.06769754334457434
173,BMI,109.62000274658203,0.03818125773860929
174,BKR,29.100000381469727,0.2130559836910523
175,BALT,26.549999237060547,0.024108004566748227
176,BANC,15.489999771118164,-0.20347770940899576
177,BBVA,6.010000228881836,0.09722280983902086
178,BBD,2.930000066757202,-0.1287534293521206
179,BCH,20.0,0.33121099809086313
180,BLX,15.899999618530273,-0.012489091235827492
181,BMA,15.84000015258789,0.1249667189027218
182,SAN,2.940000057220459,-0.0693912943729935
183,BSBR,5.46999979019165,0.07373341593910036
184,BSAC,15.479999542236328,-0.002710298168433668
185,CIB,28.0,-0.04533550555410066
186,BAC,32.470001220703125,-0.2556890909749127
187,BOH,76.80000305175781,-0.054399107523302015
188,BK,44.650001525878906,-0.21282268457262313
189,BNS,48.83000183105469,-0.2747865319891263
190,RATE,30.158000946044922,0.15966644920369313
191,BKU,33.709999084472656,-0.18216182228457103
192,BCS,7.789999961853027,-0.2207995144929983
193,B,39.93000030517578,-0.12481810608257274
194,CUDA,0.019999999552965164,0.0
195,BAX,50.16999816894531,-0.41051547742872924
196,BCE,44.15999984741211,-0.10883237761193927
197,BZH,12.970000267028809,-0.4411891090635304
198,BDX,254.47000122070312,0.052194558640588244
199,BDC,73.20999908447266,0.12498563840288723
200,BHE,27.0,0.027017830678529555
201,BHLB,29.579999923706055,0.0493705815512368
202,BERY,59.83000183105469,-0.16083123319222767
203,BBY,81.3499984741211,-0.14192602061140194
204,BIG,14.5600004196167,-0.6444971628729175
205,BH,139.2899932861328,-0.050252353688442296
206,BIO,412.69000244140625,-0.4600559994678429
207,BKH,69.83000183105469,0.04438544398794401
208,BLK,703.9400024414062,-0.215246531809508
209,BX,74.91000366210938,-0.41983537526743364
210,BXMT,22.3799991607666,-0.22961870686962135
211,BXC,72.0,-0.20150824595672542
212,BMO,90.30000305175781,-0.12640366568216904
213,BA,189.05999755859375,-0.06944923333915887
214,BCC,70.91999816894531,0.06349039096170697
215,BAH,104.45999908447266,0.26816883290941496
216,BWA,40.0,-0.0825549687793817
217,SAM,336.0199890136719,-0.3439800577904157
218,BXP,68.4000015258789,-0.38598954966756976
219,BSX,46.060001373291016,0.06818187648961853
220,BYD,55.130001068115234,-0.14539806405328287
221,BP,35.0099983215332,0.3473982456896308
222,BPT,12.100000381469727,3.378976425041759
223,BRC,46.459999084472656,-0.12750094114941657
224,BDN,6.210000038146973,-0.5079429238132805
225,LND,5.460000038146973,0.29143176032600093
226,BAK,9.289999961853027,-0.5448309636792596
227,BRFS,1.4800000190734863,-0.626262625046329
228,BFAM,59.86000061035156,-0.5175693123227386
229,EAT,32.939998626708984,-0.12183417486853736
230,BCO,54.119998931884766,-0.1676443130981193
231,BMY,72.88999938964844,0.20651539463471666
232,BRX,22.479999542236328,-0.052599637052070554
233,BR,134.47999572753906,-0.25742056536525476
234,BKD,2.7100000381469727,-0.4717348971360956
235,BAM,28.040000915527344,-0.13456791373509944
236,BIP,31.329999923706055,-0.17931704912043828
237,BEP,25.520000457763672,-0.2522448308950877
238,BRP,25.959999084472656,-0.28524230995045724
239,BRO,56.939998626708984,-0.17465450064826746
240,BRT,19.540000915527344,-0.09517770823893922
241,BC,71.44000244140625,-0.25402726225195277
242,BKE,45.22999954223633,0.11512784479666326
243,BBW,23.219999313354492,0.3260993152389747
244,BG,98.95999908447266,0.11127146483858277
245,BURL,200.33999633789062,-0.30735720127928207
246,PFH,19.059999465942383,-0.22841811927722966
247,CBT,67.25,0.23533230750925507
248,CTRA,25.200000762939453,0.3842969322744186
249,CACI,299.2799987792969,0.1229176463906596
250,CAE,19.100000381469727,-0.2438638080600203
251,CWT,61.779998779296875,-0.10216098866617437
252,CALX,67.47000122070312,-0.03614283970424107
253,CPE,36.2599983215332,-0.31816475905502817
254,CPT,111.30999755859375,-0.3513869074584426
255,CCJ,22.420000076293945,-0.022717008603089582
256,CPB,57.279998779296875,0.40232525344029735
257,GOOS,17.299999237060547,-0.5361930404579845
258,CM,40.97999954223633,-0.2646495629376613
259,CNI,120.44000244140625,-0.00983962616759121
260,CNQ,55.83000183105469,0.4427299638910877
261,CP,75.4800033569336,0.06537693360618232
262,CAJ,22.09000015258789,-0.12514850880840037
263,CGC,2.3299999237060547,-0.7534391565361055
264,COF,90.69000244140625,-0.36539937879511025
265,CAH,80.05000305175781,0.613537624581384
266,CSL,237.88999938964844,-0.020592587520350192
267,KMX,60.15999984741211,-0.528119845827462
268,CCL,7.809999942779541,-0.627207653538828
269,CUK,6.980000019073486,-0.637402596411767
270,CRS,37.79999923706055,0.2761379845735948
271,CSV,27.469999313354492,-0.5637271865544695
272,CRI,73.36000061035156,-0.23597249595636272
273,CSH,24.635000228881836,-0.03015624850994249
274,CAT,239.8699951171875,0.18959439756773694
275,CATO,9.180000305175781,-0.42991577543701553
276,CBZ,47.2599983215332,0.1788475465616199
277,CBL,23.899999618530273,-0.11648888306641703
278,FUN,39.91999816894531,-0.19639566362783142
279,CE,102.55999755859375,-0.359674064414691
280,CLS,10.859999656677246,-0.0338078400515052
281,CPAC,5.369999885559082,-0.009590565554204917
282,CX,4.239999771118164,-0.3727811201835569
283,CVE,19.299999237060547,0.5718665355685058
284,CNC,81.62999725341797,-0.032476062628492265
285,CNP,30.690000534057617,0.13919095659152889
286,EBR,8.420000076293945,0.45739818156397516
287,CPF,19.75,-0.2637589328356559
288,CCS,51.41999816894531,-0.35712685278389383
289,CF,90.73999786376953,0.24809775764800698
290,GIB,85.93000030517578,-0.03177464444872359
291,ECOM,23.09000015258789,-0.08117783829311039
292,CRL,218.5,-0.4178611335539612
293,SCHW,81.7699966430664,-0.036545750327009255
294,CLDT,12.390000343322754,-0.09890906594016335
295,CMCM,1.909999966621399,-0.6842975361312508
296,CHGG,26.0,-0.14134744351353767
297,CHE,516.1699829101562,-0.03428130318877121
298,CHMT,0.5199999809265137,0.0
299,CHMI,6.170000076293945,-0.17679340367331783
300,CHK,97.37000274658203,0.6412132174796894
301,CHKR,1.1299999952316284,0.8973639724452559
302,CPK,119.47000122070312,-0.1499176201646294
303,CVX,177.39999389648438,0.5471862704137149
304,CBI,0.05000000074505806,-0.5
305,CHS,4.980000019073486,-0.013861419607429896
306,CIM,6.099999904632568,-0.5563627202038578
307,CO,2.990000009536743,-0.3030302946097838
308,CEA,20.760000228881836,0.13753425911681294
309,CGA,4.150000095367432,-0.5870646749645504
310,ZNH,33.380001068115234,0.16468950613512734
311,CYD,7.099999904632568,-0.3756750587415049
312,CMG,1412.3599853515625,-0.2003578261388214
313,CHH,112.18000030517578,-0.2681051874454015
314,CB,219.64999389648438,0.15369921553164
315,CHT,36.56999969482422,-0.09876585920465145
316,CHD,82.05999755859375,-0.172529796993855
317,CIEN,49.33000183105469,-0.3613412325818617
318,CI,334.30999755859375,0.49142466250820527
319,CNK,8.640000343322754,-0.4844868600637733
320,CIR,23.760000228881836,-0.15565029338194744
321,C,44.2599983215332,-0.24090326448758503
322,CIA,2.2799999713897705,-0.5943060466516443
323,CYN,0.656000018119812,-0.8652977343870096
324,CIO,8.520000457763672,-0.537113439452362
325,CVEO,31.479999542236328,0.7016215968776394
326,CLC,37500.0,0.021798365122615803
327,CLH,114.77999877929688,0.18378712730080815
328,CCO,1.0299999713897705,-0.6952662909716671
329,CLW,37.13999938964844,0.006231361235089634
330,CLF,16.899999618530273,-0.18278533031256536
331,CLX,144.11000061035156,-0.13033677881454475
332,CMS,63.619998931884766,0.02432287616206431
333,CNA,41.849998474121094,0.026679164433919832
334,CNHI,16.149999618530273,-0.16129933633970261
335,CNO,22.860000610351562,-0.02507602393981338
336,KO,63.81999969482422,0.12034326774013172
337,KOF,70.16000366210938,0.3473119944747973
338,CDE,3.430000066757202,-0.3274509547261809
339,CNS,63.18000030517578,-0.2991389386110794
340,CL,79.44999694824219,-0.030232758032239498
341,CCV,9.930000305175781,0.011201691829943744
342,CCZ,53.0,-0.14135556564839352
343,CMA,66.08000183105469,-0.20936442442152417
344,FIX,118.19000244140625,0.17769383381330092
345,CMC,48.79999923706055,0.39209900655664776
346,CWH,22.1299991607666,-0.39455358286211717
347,CBU,62.279998779296875,-0.14580375499762258
348,CYH,3.880000114440918,-0.7130177527314445
349,CBD,3.4700000286102295,-0.10717729771457274
350,SBS,11.300000190734863,0.6127843644874379
351,CIG,2.130000114440918,-0.0018037964641835118
352,ELP,7.239999771118164,0.4965981164409554
353,SID,2.75,-0.29076279578154507
354,CODI,18.030000686645508,-0.3706338779856051
355,CMP,41.650001525878906,-0.19277223342396593
356,BVN,7.440000057220459,0.008166747100863578
357,CCU,12.699999809265137,-0.16137967872141482
358,CRK,14.579999923706055,0.6662510186392038
359,CAG,38.84000015258789,0.20520613214180364
360,CCM,1.659999966621399,-0.19024389988605916
361,COP,117.05000305175781,0.6837930461508339
362,CNX,17.079999923706055,0.1820069307374384
363,ED,95.8499984741211,0.18517065390057502
364,STZ,232.41000366210938,-0.045760597472589905
365,CSTM,11.75,-0.35226017666212717
366,TCS,4.260000228881836,-0.5860058071259027
367,CLR,74.2699966430664,0.6145525585721467
368,VLRS,8.529999732971191,-0.5207865113156142
369,CVG,73.0,0.19672131147540983
370,COO,332.7300109863281,-0.20770681895969753
371,CPS,6.5,-0.6955503567277903
372,CPA,84.58999633789062,0.03221475885247199
373,CLB,19.65999984741211,-0.16004601879410418
374,CORR,2.200000047683716,-0.3286927189814981
375,GLW,31.75,-0.12419009593102849
376,OFC,25.969999313354492,-0.03692648774185042
377,CXW,11.859999656677246,0.1559453598540302
378,CMRE,9.0600004196167,-0.21465717166770523
379,COTY,8.319999694824219,-0.20686369148153352
380,COUP,78.43000030517578,-0.5144555135400145
381,CUZ,25.420000076293945,-0.33622821826243354
382,COV,0.03500000014901161,0.0
383,CR,99.48999786376953,-0.006217601970440347
384,BAP,134.6699981689453,0.0999754785041202
385,CS,3.0999999046325684,-0.6769246480479576
386,CPG,7.070000171661377,0.3950879509954312
387,CEQP,26.280000686645508,0.0936451958566496
388,CRH,39.880001068115234,-0.21812849738809087
389,CRT,25.040000915527344,1.3166668034272737
390,CCI,136.97999572753906,-0.30578683867846546
391,CCK,82.58000183105469,-0.21771946898804556
392,CSX,31.25,-0.14925929895310708
393,CTS,38.90999984741211,0.051443184983281064
394,CUBE,40.68000030517578,-0.2504993616885496
395,CFR,131.74000549316406,0.0652323511973374
396,CFI,0.6299999952316284,0.0
397,CMI,241.25999450683594,0.14615042296659653
398,CW,165.0,0.2031721595532967
399,CVT,5.190000057220459,-0.33969466042491286
400,CVI,31.700000762939453,1.190535331790067
401,UAN,101.69000244140625,0.4711838103369204
402,CVS,93.55999755859375,-0.06570831219771753
403,CYT,1.409999966621399,-0.8599801380981063
404,DHI,89.18000030517578,-0.1503984346806617
405,DNB,12.15999984741211,-0.3911807594791652
406,DAN,14.920000076293945,-0.32832065329904286
407,DHR,259.8599853515625,-0.203549055563428
408,DAC,54.560001373291016,-0.19918032116825593
409,DQ,40.5099983215332,0.07768018507827233
410,DRI,138.83999633789062,-0.04228363589209434
411,DAR,61.68000030517578,-0.07024414063847709
412,DVA,73.76000213623047,-0.3365116186820727
413,DECK,390.8699951171875,0.09008000427588224
414,DE,436.92999267578125,0.2613987193703386
415,DEX,7.929999828338623,-0.14459145308219207
416,DDF,7.920000076293945,-0.18484593072362093
417,DKL,46.470001220703125,0.1714541290817546
418,DK,27.6200008392334,0.8419813590278308
419,DAL,33.15999984741211,-0.14974359365609977
420,DLX,17.030000686645508,-0.43515790874769583
421,DEN,87.69000244140625,0.15093843852865144
422,DB,11.380000114440918,-0.09045470195282342
423,DTT,13000.0,-0.20245398773006135
424,DVN,62.5099983215332,0.5139212001819298
425,DV,21.81999969482422,-0.35175282846883876
426,DHT,9.010000228881836,0.7407111996973916
427,DEO,180.1199951171875,-0.16447718740243286
428,DO,9.970000267028809,0.32933336893717446
429,DRH,8.210000038146973,-0.13875522408217472
430,DSX,3.990000009536743,0.1997822432543729
431,DHX,4.769999980926514,-0.2368000030517578
432,DKS,111.0999984741211,0.053513521843110895
433,DBD,1.3200000524520874,-0.8511837576682351
434,DLR,100.87000274658203,-0.39493937327056666
435,DDS,318.510009765625,0.307174732459319
436,DDT,25.18000030517578,-0.0018760982780935019
437,DIN,65.38999938964844,-0.16541892020716328
438,DFS,97.5999984741211,-0.14164895968282826
439,DNP,11.4399995803833,0.12444050791148763
440,DLB,69.23999786376953,-0.252999611413368
441,DG,247.5500030517578,0.11142809559462816
442,D,60.790000915527344,-0.18647427605671538
443,DPZ,353.0199890136719,-0.3588447458537985
444,DCI,59.70000076293945,0.047142568186892705
445,DRL,65500.0,-0.02092675635276532
446,LPG,19.520000457763672,1.1558817129166867
447,DSL,11.430000305175781,-0.20430518286066227
448,DBL,14.960000038146973,-0.13948354191400067
449,PLOW,35.650001525878906,-0.062084135927554705
450,DEI,15.869999885559082,-0.5031710540198779
451,DOV,134.72000122070312,-0.2347310202630064
452,DOW,50.86000061035156,-0.04341983991472986
453,RDY,52.58000183105469,-0.1615409677547295
454,DRD,7.300000190734863,-0.07004688153195177
455,DRC,16.799999237060547,0.08387091852003528
456,DHF,2.240000009536743,-0.21730836293100877
457,DMB,10.449999809265137,-0.23536519175918594
458,DSM,5.630000114440918,-0.2910008308410903
459,LEO,6.039999961853027,-0.24823635109103317
460,DRQ,26.959999084472656,0.37270875368164913
461,DTE,118.54000091552734,0.035694395237369926
462,DTF,10.880000114440918,-0.20549622035524606
463,DCO,48.619998931884766,0.047393383233936444
464,DPG,13.510000228881836,0.07779765716108204
465,DUK,102.98999786376953,0.036167800923463264
466,DRE,48.20000076293945,-0.23885991460762795
467,KTF,8.520000457763672,-0.248339153308097
468,KSM,8.140000343322754,-0.2993078708460122
469,DY,93.75,0.005685462050596586
470,DYN,12.25,-0.03008710300852908
471,DX,13.050000190734863,-0.13863242527241607
472,DD,68.7300033569336,-0.12176242607285452
473,SSP,13.369999885559082,-0.32131982904735007
474,EXP,133.4600067138672,-0.1907328999013402
475,EGP,148.8699951171875,-0.31248717036786067
476,EMN,82.18000030517578,-0.286095767580315
477,KODK,3.0899999141693115,-0.3719512466965459
478,ETN,156.8000030517578,-0.06103098273514373
479,ECL,144.5399932861328,-0.3675203557055467
480,EC,10.029999732971191,-0.129502766546514
481,EIX,65.18000030517578,0.006252156164684634
482,EDR,20.690000534057617,-0.3758672826031171
483,EW,74.19000244140625,-0.43184253789953386
484,EE,26.459999084472656,-0.01264195176709252
485,EGO,8.390000343322754,-0.11028631264011832
486,LLY,367.8999938964844,0.33949282294736827
487,EFC,12.970000267028809,-0.15496732993088333
488,EARN,7.239999771118164,-0.23846827165965123
489,ERJ,11.0,-0.365994250250951
490,EME,149.85000610351562,0.17527995949229416
491,EBS,11.0,-0.758983344717246
492,EMR,95.54000091552734,0.06076020778758738
493,ESRT,6.829999923706055,-0.22143078837240526
494,EIG,43.529998779296875,0.14863116529242154
495,EDN,7.849999904632568,0.5096154216478576
496,ENB,39.4900016784668,0.09307911805811613
497,EXK,3.3499999046325684,-0.23340961273183616
498,ENR,33.61000061035156,-0.10668540627966297
499,ET,11.960000038146973,0.556003709553776
500,ERF,17.6200008392334,0.6399586262590112
501,ENS,73.02999877929688,-0.056342594933944785
502,E,28.93000030517578,0.10728104361880712
503,ENLC,12.1899995803833,0.8933418336758577
504,EBF,22.489999771118164,0.19561930080745016
505,NPO,110.94999694824219,0.002305951051972568
506,ETR,113.43000030517578,0.06123386672584499
507,ELA,5.289999961853027,0.2839806089303269
508,ENJ,22.799999237060547,-0.04843182012668985
509,EPD,23.950000762939453,0.19553236983884062
510,EVC,4.789999961853027,-0.302420953986076
511,ENV,59.650001525878906,-0.27486019964973046
512,ENZ,1.309999942779541,-0.5893417180935782
513,EOG,130.61000061035156,0.5480575846241338
514,EPAM,323.6600036621094,-0.5356384452480497
515,EPR,38.310001373291016,-0.13497335815271708
516,EQT,36.209999084472656,0.6126260820548549
517,EFX,195.72999572753906,-0.32231157785959613
518,ELS,65.0,-0.22894169267954909
519,EQR,59.439998626708984,-0.31365047983295574
520,EQS,1.6299999952316284,-0.3208333623078123
521,ESE,87.9800033569336,0.007970259422399187
522,ESNT,38.970001220703125,-0.11393835858820656
523,ESS,211.64999389648438,-0.3708900584920513
524,EL,241.02000427246094,-0.34081198275472085
525,EEA,7.679999828338623,-0.17763021713842694
526,EVER,15.460000038146973,0.006510441647455034
527,EVR,109.55000305175781,-0.18496249017597144
528,RE,334.9200134277344,0.263438801612647
529,EVTC,31.31999969482422,-0.3683462810414564
530,EVGN,0.7599999904632568,-0.5476190391716771
531,EXC,43.040000915527344,0.1361754676372082
532,EXPR,0.9200000166893005,-0.6983606455499719
533,EXR,146.91000366210938,-0.3143402738510088
534,XOM,108.68000030517578,0.8256801536990712
535,FN,128.69000244140625,0.054576773979606766
536,FDS,398.0400085449219,-0.17340812790492813
537,FICO,616.760009765625,0.4182303229412073
538,FTCH,3.9600000381469727,-0.8810453610921974
539,AGM,113.98999786376953,-0.04774658680030386
540,FRT,102.33999633789062,-0.2089267455480741
541,FSS,46.13999938964844,0.08530794417853094
542,FPT,93100.0,-0.014814814814814815
543,FMN,10.449999809265137,-0.2719613795236902
544,FDX,175.92999267578125,-0.29913282051590667
545,FNF,37.779998779296875,-0.23454148735209615
546,FIS,66.91999816894531,-0.369228149390589
547,FMO,12.119999885559082,0.21837691898994505
548,FAF,52.38999938964844,-0.30263682104866557
549,FBP,12.819999694824219,-0.03474904971987946
550,FCF,13.890000343322754,-0.1101424080465929
551,FHN,24.479999542236328,0.54951546893217
552,FR,48.66999816894531,-0.23659523173138305
553,AG,8.680000305175781,-0.24055081685319604
554,FRC,119.4000015258789,-0.41987978572393936
555,FIF,14.640000343322754,0.14973787945240938
556,FFA,15.539999961853027,-0.2130412105014312
557,FSD,11.210000038146973,-0.20613434127288793
558,FPF,17.290000915527344,-0.25082905219041185
559,FEI,7.869999885559082,0.16474600490214758
560,FMY,11.449999809265137,-0.10581954113781461
561,FPL,6.090000152587891,0.2186267904549526
562,FCT,9.65999984741211,-0.11520637015103673
563,FEO,9.640000343322754,-0.20542452121989038
564,FAM,5.909999847412109,-0.3320386750508671
565,FGB,3.049999952316284,-0.17750064005470717
566,FE,42.0,0.07894311074308086
567,TFG,10.082945823669434,0.04485456758064991
568,FBC,37.540000915527344,-0.152989394212994
569,DFP,19.059999465942383,-0.244957925731379
570,PFD,11.619999885559082,-0.28067689188404166
571,PFO,8.930000305175781,-0.23050675553242164
572,FFC,15.15999984741211,-0.24155213268333198
573,FLC,15.800000190734863,-0.252882765261213
574,FLT,181.22000122070312,-0.187827736050651
575,FTK,1.1299999952316284,1.0178571257512181
576,FLO,29.209999084472656,0.11156973925262678
577,FLS,30.079999923706055,0.00904214217166122
578,FLR,35.18000030517578,0.4300812910424009
579,FMC,126.33999633789062,0.18156147065967113
580,FTI,12.119999885559082,0.9803921751955851
581,FNB,12.880000114440918,0.10102721927682713
582,FMX,79.93000030517578,0.06370415811390076
583,FL,35.400001525878906,-0.11857232222082703
584,F,11.359999656677246,-0.43604022581451546
585,FOR,15.140000343322754,-0.2990740705582995
586,FIG,23.91200065612793,-0.024399325961995948
587,FSM,3.8399999141693115,-0.03759400877416221
588,FBHS,56.83000183105469,-0.4487270204001039
589,FET,31.190000534057617,0.9955214526991881
590,FNV,135.85000610351562,0.014237958989683854
591,FC,47.43000030517578,0.02684567472036633
592,BEN,26.850000381469727,-0.17668475365812406
593,FT,6.789999961853027,-0.13626396302782334
594,FCX,38.099998474121094,-0.07675027324909817
595,FMS,16.0,-0.49213096162524717
596,FDP,26.1299991607666,-0.027063049084449706
597,FRO,12.489999771118164,0.7893480029281624
598,FSK,17.75,-0.025155115899449094
599,FCN,156.88999938964844,0.02022370031888865
600,FF,8.359999656677246,0.1121594849359275
601,GCV,5.130000114440918,-0.19653637430577933
602,GDV,20.65999984741211,-0.18678570216620105
603,GAB,5.550000190734863,-0.1570186174176939
604,GGZ,11.15999984741211,-0.24816321453710743
605,GRX,10.220000267028809,-0.1809266439425838
606,GGT,5.739999771118164,-0.2666618417737281
607,GUT,7.389999866485596,-0.006285975195288994
608,GNT,5.019999980926514,0.008307952525438273
609,GME,20.079999923706055,-0.4584316565503839
610,GCI,2.0999999046325684,-0.6160877540803358
611,GPS,12.0600004196167,-0.2753263053273242
612,IT,335.95001220703125,0.0011026451206020943
613,GLOP,6.929999828338623,0.6584841001577089
614,GDL,7.800000190734863,-0.0735257919226568
615,GNRC,92.19000244140625,-0.7381560839656419
616,GAM,36.27000045776367,-0.14882817049535832
617,BGC,25.68000030517578,-0.06448088920104399
618,GD,247.89999389648438,0.2237176418270107
619,GE,81.79000091552734,-0.13187263110628475
620,GEB,2455.0,-0.05394990366088632
621,GIS,85.41000366210938,0.3308257939732274
622,GM,33.83000183105469,-0.40827711131006467
623,GCO,44.16999816894531,-0.2842327203978313
624,GEL,9.25,-0.09129544060094079
625,GNE,10.65999984741211,1.1277071216710974
626,G,46.06999969482422,-0.12246752461630306
627,GPC,176.57000732421875,0.31392162678091534
628,GNW,5.269999980926514,0.28223839652779026
629,GEO,11.180000305175781,0.4425806845388105
630,GPRK,14.630000114440918,0.3477554170998654
631,GGB,5.619999885559082,0.32972789529329566
632,GTY,34.959999084472656,0.18145247216619056
633,GIL,27.059999465942383,-0.3344782009187024
634,GLT,2.859999895095825,-0.8290093769450014
635,GSK,35.220001220703125,-0.16558430848297268
636,GHI,19.15999984741211,0.041916211140607104
637,GLP,35.93000030517578,0.6796871614463005
638,GPN,96.72000122070312,-0.2696398921969537
639,GSL,17.110000610351562,-0.16626573434372677
640,GMED,73.86000061035156,0.009154230722723273
641,GOL,2.9800000190734863,-0.538699690173951
642,GFI,10.479999542236328,0.01377166392645469
643,GS,345.510009765625,-0.08611076558320326
644,GGG,66.77999877929688,-0.15011876798220267
645,GHM,9.720000267028809,-0.21295546827569667
646,GHC,597.4000244140625,0.02954045677262621
647,GVA,35.41999816894531,-0.06495951089006154
648,GPK,22.18000030517578,0.17804221668761142
649,GTN,10.460000038146973,-0.48570042355221926
650,GB,4.010000228881836,-0.41288429375179947
651,GDOT,16.0,-0.5529477622042064
652,GBX,34.630001068115234,-0.2122048603879424
653,GHL,10.0,-0.4376685933456106
654,GEF,68.1500015258789,0.20423921855518234
655,GFF,35.9900016784668,0.35070587135444636
656,GPI,174.5500030517578,-0.08415234861060561
657,PAC,155.07000732421875,0.189273509544574
658,ASR,253.14999389648438,0.2882980354944305
659,BSMX,6.039999961853027,0.17454856307682293
660,TV,4.75,-0.4962944175116394
661,GES,20.420000076293945,-0.08036335829916251
662,GBAB,16.040000915527344,-0.2564191211513789
663,GGE,2.4800000190734863,0.07359310844371288
664,GOF,15.6899995803833,-0.03243300432919171
665,GWRE,60.470001220703125,-0.4700727289697556
666,HQL,14.390000343322754,-0.1989555159118375
667,HQH,18.450000762939453,-0.180346616171258
668,HRB,39.150001525878906,0.7121021815713433
669,HAE,79.18000030517578,0.4908679984037313
670,HAL,39.09000015258789,0.7105694409087684
671,HBI,6.099999904632568,-0.6089906529750007
672,HASI,30.229999542236328,-0.4111801143473473
673,THG,137.38999938964844,0.07243326823769643
674,HOG,41.41999816894531,0.15606092773163213
675,HAR,10150.0,-0.2644927536231884
676,HMY,3.4000000953674316,-0.13898869843097628
677,HSC,6.130000114440918,-0.6493134854134746
678,HHS,11.5,0.4593908417494889
679,HIG,76.12999725341797,0.13086310536695014
680,HVT,30.729999542236328,0.07455991309276933
681,HE,41.68000030517578,0.05955891544125669
682,FUL,73.62999725341797,-0.07959519027373248
683,HCA,240.74000549316406,-0.04159823602635998
684,HCC,36.22999954223633,0.4715610360372574
685,HCI,39.560001373291016,-0.5372813117444704
686,HCP,26.610000610351562,-0.727356546860938
687,HDB,66.83999633789062,0.056163125167269845
688,HR,18.809999465942383,-0.29216253510259377
689,HL,5.5,0.05215706439398604
690,HEI,154.19000244140625,0.0747706711825843
691,HLX,7.079999923706055,1.1325301403818675
692,HP,48.939998626708984,1.0032201540452492
693,HLF,14.449999809265137,-0.6452246508306309
694,HTGC,13.199999809265137,-0.09534946116206772
695,HRTG,1.850000023841858,-0.6776285335461132
696,HT,8.970000267028809,-0.05302251246077722
697,HSY,235.8800048828125,0.2647734893762307
698,HTZ,15.210000038146973,-0.39135653551603017
699,HES,141.67999267578125,0.8978011183470146
700,HPQ,26.760000228881836,-0.275311382261725
701,HXL,58.040000915527344,0.12396634994339109
702,IVH,10.899999618530273,-0.15884071917913825
703,HIW,27.780000686645508,-0.3331891028605156
704,HIL,3.4000000953674316,0.7258883482179542
705,HI,41.18000030517578,-0.2115065183653903
706,HTH,29.700000762939453,-0.13369404578549035
707,HLT,126.43000030517578,-0.18306284222615204
708,HNI,28.15999984741211,-0.30324401322991384
709,HEP,18.350000381469727,0.22239033480818668
710,HD,318.7300109863281,-0.1913959498821099
711,HMC,23.1200008392334,-0.18043241440730476
712,HON,213.8699951171875,0.057471972003917786
713,HMN,37.939998626708984,0.007550951727681501
714,HRL,45.630001068115234,-0.02854841717214244
715,HST,16.34000015258789,-0.05344166128393195
716,HOV,46.88999938964844,-0.6363989070372287
717,HHC,77.23999786376953,-0.22844873246576755
718,HSBC,30.940000534057617,0.07315352298510211
719,HSEB,26.18000030517578,0.0
720,HBM,5.170000076293945,-0.2897962391993413
721,HPP,9.739999771118164,-0.5796961027093926
722,HUM,513.9600219726562,0.11444790418686182
723,HII,230.07000732421875,0.2774517706477003
724,HUN,27.6200008392334,-0.1540259848602751
725,H,91.08999633789062,-0.04817137677491053
726,HY,25.799999237060547,-0.34439327746993154
727,IAG,2.4600000381469727,-0.21153842039126936
728,IBN,21.559999465942383,0.11280034802671159
729,IDA,107.87999725341797,0.006820868293956254
730,IEX,229.3300018310547,-0.00659029011421451
731,IDT,27.850000381469727,-0.3824833409373532
732,CTC,0.15600000321865082,0.0
733,IHS,5.96999979019165,-0.5833914988153275
734,ITW,221.97000122070312,-0.0669597418253293
735,IMAX,13.960000038146973,-0.23000547797285759
736,IFN,15.079999923706055,-0.13624142046742577
737,IBA,50.540000915527344,0.23095572464330294
738,INFY,17.920000076293945,-0.2768505358827258
739,ING,12.25,-0.03513548756956459
740,IND,0.4000000059604645,0.0
741,ISP,26.15839958190918,0.0
742,IR,52.279998779296875,-0.14448891862203475
743,INGR,98.87000274658203,0.0633572433216922
744,NSP,114.94000244140625,-0.00011090398562110911
745,IBP,87.52999877929688,-0.3584577574854401
746,TEG,15100.0,0.02027027027027027
747,ICE,102.80999755859375,-0.24294008762797056
748,IHG,58.47999954223633,-0.08256236766731818
749,IBM,141.64999389648438,0.12957818595796242
750,IFF,103.9000015258789,-0.2690536672856296
751,IGT,22.479999542236328,-0.19887679560343144
752,IP,34.72999954223633,-0.21739847639484794
753,IPG,33.41999816894531,-0.08591901278837702
754,SNOW,138.49000549316406,-0.6065512959588722
755,IPI,28.899999618530273,-0.3610435571297519
756,IVC,0.4099999964237213,-0.8385826761490931
757,IVZ,18.3799991607666,-0.18813020734734262
758,VBF,15.760000228881836,-0.15691554869705635
759,VCV,9.420000076293945,-0.2603806571027287
760,VLT,10.359999656677246,-0.19461894917770411
761,IVR,13.149999618530273,-0.441403756045043
762,OIA,6.0,-0.2207833996164392
763,VMO,9.380000114440918,-0.2801926805906674
764,VKQ,9.460000038146973,-0.2503740372856871
765,VPV,9.850000381469727,-0.24237352425309402
766,IQI,9.460000038146973,-0.26740651290286155
767,VVR,3.7699999809265137,-0.035483534106954075
768,VGM,9.670000076293945,-0.2671434456739352
769,VTN,9.989999771118164,-0.222944545506404
770,IIM,11.920000076293945,-0.25200090389269914
771,NVTA,1.809999942779541,-0.8807641695394168
772,IRM,50.630001068115234,0.011765503169649728
773,IRS,4.909999847412109,0.21136462241998677
774,STAR,7.630000114440918,-0.6043991378959106
775,ITUB,4.869999885559082,0.3369821804523336
776,ITC,2.8399999141693115,-0.02068971697413619
777,ITT,79.98999786376953,-0.20682097186294449
778,ESI,18.34000015258789,-0.22487980344854994
779,SJM,159.44000244140625,0.22577325682881644
780,JBL,69.01000213623047,-0.027020878229368155
781,JHX,17.920000076293945,-0.5539259538926523
782,JOF,6.449999809265137,-0.17556492139097893
783,JKS,41.16999816894531,-0.023713541461247125
784,JBT,89.19999694824219,-0.4181181915213516
785,BTO,33.43000030517578,-0.1837732504465114
786,HEQ,11.699999809265137,0.007000710577458894
787,JHS,10.9399995803833,-0.24153401933273444
788,JHI,12.380000114440918,-0.28830327709951387
789,HPF,15.770000457763672,-0.17425491885288455
790,HPI,16.059999465942383,-0.1622653602484849
791,HPS,14.279999732971191,-0.17908654531451546
792,PDT,13.069999694824219,-0.1652429287793212
793,HTD,23.15999984741211,-0.02670079937516527
794,HTY,4.929999828338623,-0.13620091149169813
795,JNJ,177.47999572753906,0.07351352209445415
796,JCI,64.0999984741211,-0.17570977014257114
797,JLL,158.52000427246094,-0.4074683026360923
798,JPM,131.27999877929688,-0.1437556845736979
799,JNPR,31.670000076293945,-0.07348987764790697
800,JE,0.014499999582767487,-0.9851129364235058
801,KAI,177.00999450683594,-0.2214344003380969
802,KAMN,21.09000015258789,-0.49541990424817606
803,KS,0.03999999910593033,-0.20000002980232195
804,KAR,12.789999961853027,-0.19050634130035665
805,KMF,7.599999904632568,0.1504029171570278
806,KYN,8.65999984741211,0.23334167271747389
807,KB,40.380001068115234,-0.1622406550009216
808,KBH,32.13999938964844,-0.25892542221235526
809,KBR,52.279998779296875,0.11556483287635907
810,K,72.18000030517578,0.17986264583544562
811,KMPR,50.52000045776367,-0.08275197505747554
812,KMT,24.25,-0.31195256893552314
813,KW,15.539999961853027,-0.3096599399037168
814,KEY,17.18000030517578,-0.22633086972527874
815,KRC,39.130001068115234,-0.3950786432940781
816,KMB,137.14999389648438,0.016546676261827556
817,KIM,21.270000457763672,-0.08107091652323686
818,KMI,18.139999389648438,0.21945588424419982
819,KMR,8300.0,-0.20192307692307693
820,KFS,7.409999847412109,0.33996375520371164
821,KGC,4.170000076293945,-0.22719001259101265
822,KEX,64.41000366210938,0.07799169308969665
823,KRG,20.969999313354492,0.014419301936641322
824,KKR,46.869998931884766,-0.3863359166446574
825,KIO,11.119999885559082,-0.24733538873705635
826,KNX,52.369998931884766,-0.1322238349179428
827,KNOP,9.460000038146973,-0.1771691249906266
828,KN,16.25,-0.29562201062162535
829,KSS,24.979999542236328,-0.48037276222525455
830,PHG,14.90999984741211,-0.5749815032859125
831,KOP,29.31999969482422,-0.05781830431218104
832,KEP,8.569999694824219,-0.058241831255825535
833,KF,21.559999465942383,-0.258029354304676
834,KFY,50.95000076293945,-0.33026111029264504
835,KOS,6.179999828338623,0.7408450454503052
836,KR,45.88999938964844,0.06979394676262908
837,KRO,9.479999542236328,-0.32667027835025986
838,KT,14.140000343322754,0.03438187742543376
839,LZB,23.469999313354492,-0.3320347725147267
840,LH,231.64999389648438,-0.23843120202889517
841,LADR,10.359999656677246,-0.08118229180895556
842,LCI,0.6499999761581421,-0.638888892568188
843,LPI,52.27000045776367,-0.231323522679946
844,LVS,46.52000045776367,0.22841303854899267
845,LAZ,35.619998931884766,-0.1682904515817685
846,LEA,121.91999816894531,-0.32394989335275765
847,LEE,17.520000457763672,-0.5331734338497117
848,LEG,32.34000015258789,-0.1496303766508019
849,LDOS,105.16999816894531,0.21428847649490226
850,LEJU,1.3899999856948853,-0.8217948779865442
851,LII,243.07000732421875,-0.2307294536973561
852,LXP,10.319999694824219,-0.30706987864042234
853,LPL,4.940000057220459,-0.4969449887229465
854,LIN,329.3299865722656,-0.026243590582301097
855,LNC,30.1299991607666,-0.547926502212862
856,LNN,165.17999267578125,0.09006444783724851
857,LAD,201.8800048828125,-0.3107354616554634
858,LYV,70.69000244140625,-0.41184789911400255
859,LYG,2.25,-0.07013006002899419
860,LMT,483.2900085449219,0.41595448473220165
861,L,57.849998474121094,0.00646452244464539
862,LPX,60.63999938964844,-0.2204321134412538
863,LOW,201.8800048828125,-0.18946173464542954
864,LXU,14.149999618530273,0.29460194176112664
865,LTC,36.0,0.1405752426273618
866,LL,5.659999847412109,-0.6716937399909833
867,LXFR,13.1899995803833,-0.31588380065165245
868,LYB,83.12999725341797,-0.00255521640201217
869,MTB,144.55999755859375,-0.03215374988826316
870,MHO,46.849998474121094,-0.23472725351273668
871,MAC,11.539999961853027,-0.29621638063952904
872,MGU,22.959999084472656,0.03734426675357699
873,MFD,8.25,-0.0719453402939607
874,M,20.299999237060547,-0.18886091276874345
875,MCN,7.5,0.07305876572426268
876,MMP,50.16999816894531,0.20448054287586245
877,MGA,55.45000076293945,-0.2887336893346593
878,MX,8.710000038146973,-0.5713582594016707
879,MHNC,18.40999984741211,-0.09555585436714438
880,MAIN,36.790000915527344,-0.10879354416972428
881,MMD,16.43000030517578,-0.19552530227622753
882,MNK,8.609999656677246,-0.44415753493224724
883,MANU,22.479999542236328,0.5712689342935685
884,MTW,9.470000267028809,-0.5013164622870767
885,MAN,83.77999877929688,-0.1051758640578061
886,MFC,17.889999389648438,-0.0006676058180792258
887,MRO,27.440000534057617,0.6776263552145785
888,MPC,115.12000274658203,0.8432723470221684
889,MCS,13.90999984741211,-0.2198395785996397
890,MMI,34.90999984741211,-0.29329721559112054
891,MRIN,0.949999988079071,-0.7806004607810791
892,MPX,11.779999732971191,-0.023649972876586055
893,HZO,30.950000762939453,-0.46885188742407513
894,MKL,1307.6400146484375,0.07340221478531629
895,VAC,134.1199951171875,-0.18435592964128852
896,MMC,165.58999633789062,-0.03424894277455824
897,MLM,338.5899963378906,-0.222509332585666
898,MAS,47.130001068115234,-0.3043080840120191
899,DOOR,80.3499984741211,-0.30857930378508175
900,MTZ,85.0,-0.07638812205307068
901,MA,343.6000061035156,-0.040789441624227096
902,MTDR,57.11000061035156,0.46243489468223664
903,MTRN,86.16999816894531,-0.045025407565695716
904,MATX,64.4800033569336,-0.22428583137581112
905,MLP,9.319999694824219,-0.04410259540264423
906,MMS,73.62000274658203,-0.05049735252729316
907,MXL,33.939998626708984,-0.5596211397287927
908,MBI,12.899999618530273,0.0479284466939072
909,MKC,84.22000122070312,-0.08986444287518133
910,MCD,267.57000732421875,0.01984287336419475
911,MUX,5.820000171661377,-0.36114155971503664
912,MCK,383.6700134277344,0.573260562471261
913,MDC,31.809999465942383,-0.380547883925015
914,MDU,30.399999618530273,0.05216900555277779
915,MIG,20.815000534057617,-0.13821356433799925
916,MTL,2.25,-0.31818180832981063
917,MEG,43.47999954223633,-0.4033210113433712
918,MPW,11.149999618530273,-0.47379175900287607
919,MED,117.0999984741211,-0.4090029213837047
920,MD,14.880000114440918,-0.45673601876513553
921,MDT,77.5,-0.2349535651048786
922,MRK,111.86000061035156,0.5078464669301901
923,MCY,33.45000076293945,-0.3287051614508919
924,MTH,92.26000213623047,-0.21892990187133957
925,PYS,20.860000610351562,-0.13838677051421616
926,PYT,21.100000381469727,-0.12161063080040911
927,MTR,24.5,3.7162197414700406
928,MSB,18.09000015258789,-0.21919162647795398
929,MEI,44.27000045776367,-0.07617930652600213
930,MET,72.2699966430664,0.19066814980017102
931,MTD,1439.050048828125,-0.14004934867409632
932,MXE,9.050000190734863,0.030751761500601153
933,MXF,15.319999694824219,0.035284534035459246
934,MFA,10.539999961853027,-0.3514181899529361
935,MCR,6.269999980926514,-0.21114117635695412
936,MGF,3.2799999713897705,-0.1634100898189956
937,CXE,3.4800000190734863,-0.27157096312455314
938,CMU,3.119999885559082,-0.27279890745024155
939,CIF,1.7300000190734863,-0.291808400548857
940,MIN,2.7899999618530273,-0.14051691606037509
941,CXH,7.119999885559082,-0.253612662947857
942,MMT,4.480000019073486,-0.25222964357857236
943,MFM,5.010000228881836,-0.23916400188653328
944,MFV,4.230000019073486,-0.30558027251989434
945,MTG,12.930000305175781,-0.07931502242822398
946,MGM,33.81999969482422,-0.2516838508160255
947,MAA,156.35000610351562,-0.2853697729013144
948,MEP,68.18000030517578,0.05721821311269251
949,MLR,26.3700008392334,-0.17434016219642218
950,MTX,59.7599983215332,-0.17891725871164374
951,MG,5.119999885559082,-0.3099730683404036
952,MIXT,7.039999961853027,-0.39964263082011925
953,MFG,2.799999952316284,0.09375000582076622
954,MODN,40.470001220703125,0.3325650346516313
955,MOD,19.639999389648438,0.9679359008515032
956,MC,39.02000045776367,-0.3496229522362082
957,MHK,97.95999908447266,-0.43897830168918056
958,MOH,335.0799865722656,0.03955573645377074
959,TAP,51.93000030517578,0.16995673017382615
960,MCP,30600.0,-0.06990881458966565
961,MON,10.069999694824219,0.03260867970771329
962,MCO,278.82000732421875,-0.2955212220170832
963,MS,86.11000061035156,-0.11215022745299295
964,MWG,134500.0,-0.0029651593773165306
965,CAF,13.970000267028809,-0.3275765196586206
966,MSD,6.429999828338623,-0.23323916294725483
967,EDD,4.360000133514404,-0.146164704906798
968,IIF,20.030000686645508,-0.0821356391944531
969,MOS,45.13999938964844,0.140022345369781
970,MSI,256.6300048828125,-0.03225657217804334
971,MOV,30.690000534057617,-0.2354413878908323
972,MPLX,32.720001220703125,0.21717898807009198
973,MRC,11.699999809265137,0.6115701708548206
974,MSA,140.6699981689453,-0.04902210378229077
975,MSM,83.27999877929688,0.023007767723484302
976,MSCI,463.82000732421875,-0.24309304438326376
977,MLI,59.68000030517578,0.019209917156377206
978,MWA,10.779999732971191,-0.23076741431218542
979,MUR,43.66999816894531,0.6575434527099643
980,MUSA,293.3699951171875,0.5083522168654812
981,MVO,14.880000114440918,1.0464917187761298
982,MYE,23.1200008392334,0.18950419379469705
983,NBR,155.9499969482422,0.7629436871158188
984,NC,36.939998626708984,0.11410717823530725
985,NTP,1.3300000429153442,-0.8816725916371585
986,NBHC,42.11000061035156,-0.020217860251900473
987,NFG,65.16999816894531,0.04939435965835931
988,NGG,60.84000015258789,-0.12289892905601008
989,NHI,54.08000183105469,0.009463002704884864
990,NOV,20.719999313354492,0.5376710581230832
991,NPK,69.11000061035156,-0.11005554105344774
992,NNN,46.0099983215332,0.02177330021073805
993,NGS,11.09000015258789,0.08619002068100191
994,NGVC,9.079999923706055,-0.3347651974571602
995,NRP,49.900001525878906,0.6843629695990894
996,NTZ,8.0,-0.4232155684204946
997,NLS,1.5700000524520874,-0.7459546770126444
998,NVGS,11.930000305175781,0.38720927627877183
999,NM,1.7000000476837158,-0.5514511702389193
1000,NCR,23.219999313354492,-0.4155550067734161
1001,NNI,89.5999984741211,-0.0731485010270376
1002,NSR,7.760000228881836,0.06715057046741994
1003,NJR,49.63999938964844,0.25687671714491167
1004,NMFC,12.34000015258789,-0.03230588443112514
1005,EDU,38.459999084472656,0.8945813068927824
1006,NYCB,8.619999885559082,-0.24423922868081913
1007,NYT,33.040000915527344,-0.2999124611510995
1008,NCT,84900.0,0.0341047503045067
1009,NWL,12.989999771118164,-0.374493673344948
1010,NEU,310.05999755859375,-0.08021002982966761
1011,NEM,47.849998474121094,-0.17221598372253125
1012,NR,3.9100000858306885,0.29900335489001656
1013,NEE,84.16999816894531,-0.05863523599032246
1014,NEP,72.0,-0.09964658215829501
1015,NGL,1.1200000047683716,-0.4285714372601521
1016,NKE,116.25,-0.2988483754642211
1017,NI,27.709999084472656,0.05823003258233922
1018,NL,6.460000038146973,-0.026508867558992687
1019,NOAH,14.5600004196167,-0.5254237198569911
1020,NOK,4.639999866485596,-0.2616018002410793
1021,NMR,3.680000066757202,-0.15981735830914853
1022,NAT,3.180000066757202,0.8857841099640033
1023,JWN,17.110000610351562,-0.20085842147906663
1024,NSC,247.5,-0.13422368279464286
1025,NTL,35500.0,-0.1617473435655254
1026,NOA,12.890000343322754,-0.10467286067068
1027,NRT,12.149999618530273,0.29907903457699014
1028,NU,3.890000104904175,-0.6006159962714662
1029,NOC,534.77001953125,0.41220929815550855
1030,NWN,47.720001220703125,0.026772895979415807
1031,NWE,58.4900016784668,0.09583470257850724
1032,NVS,90.87000274658203,0.08063493958730596
1033,NVO,134.0,0.21845588354147652
1034,DNOW,12.850000381469727,0.4804147384427422
1035,NRG,31.90999984741211,-0.21964292827509865
1036,DCM,39000.0,0.056910569105691054
1037,NUS,41.56999969482422,-0.14623940166311067
1038,NUE,136.0800018310547,0.1865895648272553
1039,NS,15.59000015258789,0.18055058563174908
1040,NSS,24.850000381469727,0.05913307956848269
1041,NVDA,152.05999755859375,-0.5081525894111741
1042,NVR,4645.0,-0.2018996094048552
1043,OXY,63.95000076293945,1.175595246399419
1044,OII,16.809999465942383,0.4306382524206283
1045,OCN,31.420000076293945,-0.19662491470333146
1046,ODP,45.7400016784668,0.16683675480206636
1047,OFG,27.200000762939453,0.040177362049510536
1048,OGE,40.02000045776367,0.11385433303651087
1049,ODC,32.63999938964844,0.056377639962586434
1050,OIS,7.190000057220459,0.382692369413096
1051,ORI,24.25,0.07819346312376971
1052,OLN,53.5099983215332,-0.06264678172271065
1053,OHI,28.3799991607666,0.09034118455370391
1054,OMC,80.5,0.14700504848517723
1055,ASGN,81.73999786376953,-0.3418149910872652
1056,OGS,75.54000091552734,0.02146397354166241
1057,OLP,22.479999542236328,-0.30448492379131326
1058,OB,3.569999933242798,-0.7416787256095373
1059,OKE,65.55999755859375,0.17306988082728436
1060,OPK,1.1399999856948853,-0.7786407835758398
1061,OPY,42.7599983215332,-0.03972307630890289
1062,ORCL,80.8499984741211,-0.08138469162736876
1063,ORAN,9.930000305175781,-0.0025066757509633066
1064,OEC,17.700000762939453,-0.016532086576225482
1065,ORN,2.2899999618530273,-0.4143222732521982
1066,IX,81.29000091552734,-0.19395139171581643
1067,ORA,87.56999969482422,0.1756059894377543
1068,OSK,87.3499984741211,-0.20835373387469877
1069,OMI,19.469999313354492,-0.5579019321389277
1070,OC,88.2300033569336,-0.000751219824945216
1071,OI,16.8700008392334,0.41645684763791446
1072,OXM,96.06999969482422,-0.009298852471991565
1073,PKG,128.6999969482422,0.0030339027212723173
1074,PLL,44.86000061035156,-0.1789897307566533
1075,PANW,141.27000427246094,-0.254301994985815
1076,PAM,29.950000762939453,0.49750003814697263
1077,PHX,3.9700000286102295,0.8054887273156256
1078,PAR,24.309999465942383,-0.5584816770866466
1079,PKE,11.550000190734863,-0.0993454573254031
1080,PH,290.9599914550781,-0.06456849632324553
1081,PRE,2.0999999046325684,-0.7274647961409577
1082,PAYC,305.1700134277344,-0.2842433063316175
1083,PBF,41.099998474121094,2.1902767210509024
1084,PBFX,19.899999618530273,0.9051416375736866
1085,PCM,8.0600004196167,-0.17369069219336103
1086,BTU,29.440000534057617,1.708371742778856
1087,PSO,11.25,0.3911084475620861
1088,PEB,13.220000267028809,-0.40620576959207083
1089,PBA,33.849998474121094,0.17585135380460637
1090,PEI,1.2300000190734863,0.3932941127381232
1091,PFSI,56.75,-0.17797723902122045
1092,PMT,13.199999809265137,-0.16201691053043715
1093,PAG,112.27999877929688,0.08763571091144402
1094,PNR,44.400001525878906,-0.379204249011805
1095,POM,14500.0,0.0
1096,PEP,182.25999450683594,0.09136484758378442
1097,PKI,140.6300048828125,-0.2883453243187438
1098,PBT,24.739999771118164,1.8665024746482668
1099,PRGO,33.02000045776367,-0.1448165489158597
1100,PBR,11.09000015258789,0.622490467507065
1101,PEO,21.829999923706055,0.4093890953677377
1102,PFE,51.83000183105469,-0.0960599516458893
1103,PCG,16.059999465942383,0.3484466558941237
1104,PM,101.69000244140625,0.14602066699345312
1105,PHI,22.649999618530273,-0.34369503330125994
1106,PSX,103.94000244140625,0.4870159751662352
1107,PFX,34.90999984741211,-0.15599574357099563
1108,FENG,2.619999885559082,-0.4862745226369095
1109,DOC,14.600000381469727,-0.1672429903644335
1110,PDM,9.100000381469727,-0.46849306247802575
1111,PCK,7.0,-0.2266558553486102
1112,PCQ,15.460000038146973,-0.12404578935861893
1113,PZC,8.300000190734863,-0.19067407738252162
1114,PTY,12.649999618530273,-0.13786005649331576
1115,PCN,11.989999771118164,-0.2230342635718127
1116,PDI,18.940000534057617,-0.12434479175971776
1117,PGP,7.0,-0.2780895934117996
1118,PHK,4.809999942779541,-0.1310299954980651
1119,PFL,8.15999984741211,-0.16622231680897556
1120,PFN,7.150000095367432,-0.16255134977427155
1121,PMF,10.289999961853027,-0.2697437129558033
1122,PML,9.199999809265137,-0.32800039956774796
1123,PMX,8.869999885559082,-0.26136664422648764
1124,PNF,8.930000305175781,-0.23185118373035746
1125,PNI,7.730000019073486,-0.2828560272974154
1126,PYN,6.840000152587891,-0.23486801525002543
1127,RCS,5.130000114440918,-0.14997633246335088
1128,PNW,77.93000030517578,0.18671891846173294
1129,PHD,8.720000267028809,-0.2126086361585674
1130,PHT,6.539999961853027,-0.23119221766885675
1131,MAV,8.029999732971191,-0.26784373645151816
1132,MHI,8.59000015258789,-0.2502094805930153
1133,PXD,229.11000061035156,0.3708357367541612
1134,PIPR,133.80999755859375,-0.2400809817990261
1135,PBI,3.7899999618530273,-0.4005423940093202
1136,PAA,11.710000038146973,0.3595661328899336
1137,PAGP,12.470000267028809,0.3289915301042419
1138,PCL,1900.0,0.0
1139,PNC,155.02000427246094,-0.20317227036416896
1140,PNM,48.7400016784668,0.11185340649097092
1141,PII,100.7699966430664,-0.0367093550331314
1142,POL,0.6269999742507935,-0.7569767469798464
1143,POR,48.9900016784668,-0.017725544894510416
1144,PT,0.46000000834465027,-0.7955555518468221
1145,PKX,55.7599983215332,-0.07727952937380006
1146,POST,91.11000061035156,0.2923884062230898
1147,PPG,126.72000122070312,-0.23937291455953089
1148,PPL,29.540000915527344,0.03270557818195833
1149,PX,9.760000228881836,-0.2223641111164807
1150,PDS,77.36000061035156,1.1828443455990996
1151,PGI,31200.0,0.0684931506849315
1152,PBH,62.02000045776367,-0.001127390798070423
1153,PRI,141.60000610351562,-0.06891163101686101
1154,PFG,85.55999755859375,0.2140414805336382
1155,PGZ,10.489999771118164,-0.2544256008450541
1156,PRA,17.709999084472656,-0.28214150389589887
1157,PG,152.6199951171875,-0.03433454350817341
1158,PGR,129.44000244140625,0.25722446333669613
1159,PLD,113.62000274658203,-0.2975330261907655
1160,PRO,23.40999984741211,-0.3698519815374821
1161,PB,71.41000366210938,0.0233614368571636
1162,PL,4.510000228881836,-0.2964118040185843
1163,PLP,15700.0,-0.12777777777777777
1164,PRLB,24.760000228881836,-0.5284707480417439
1165,PFS,21.420000076293945,-0.08453813486647106
1166,PUK,26.700000762939453,-0.2088691938863859
1167,PRH,24.780000686645508,0.003511246640861293
1168,PRU,99.55999755859375,-0.04286913178709178
1169,GHY,10.930000305175781,-0.20886779866183947
1170,ISD,12.079999923706055,-0.17187109775541912
1171,TLK,24.030000686645508,-0.13860988499816868
1172,PEG,61.08000183105469,-0.029572489621473564
1173,PSA,283.2099914550781,-0.18077283381461762
1174,PULS,49.20000076293945,0.014867401783776612
1175,PHM,45.790000915527344,-0.1615241606474459
1176,PBYI,4.119999885559082,0.24848483184590242
1177,PCF,6.590000152587891,-0.1389735104227002
1178,PMM,6.28000020980835,-0.24727911206915965
1179,PIM,3.240000009536743,-0.10486775904999775
1180,PMO,10.869999885559082,-0.21545695624704153
1181,PPT,3.619999885559082,-0.08643021507552782
1182,PVH,70.05999755859375,-0.31714811957967176
1183,PZN,9.649999618530273,0.05137927344099864
1184,QTWO,25.209999084472656,-0.6883807341288085
1185,QUAD,3.7100000381469727,-0.07481301087569177
1186,KWR,165.30999755859375,-0.28409954161250267
1187,NX,23.75,-0.03967292314068625
1188,PWR,144.1999969482422,0.26357715298225776
1189,DGX,156.30999755859375,-0.05880772639090701
1190,STR,29.399999618530273,0.6295314340469735
1191,RDN,19.049999237060547,-0.04684328486758884
1192,RL,104.36000061035156,-0.08723265018396914
1193,RPT,10.079999923706055,-0.19182911101512645
1194,RRC,26.389999389648438,0.3785010600819372
1195,RJF,107.3499984741211,0.07735306393264546
1196,RYN,33.70000076293945,-0.11815892748677002
1197,RYAM,8.59000015258789,0.5366726150465577
1198,RMAX,18.6299991607666,-0.3540918534044487
1199,O,64.41000366210938,-0.051215398941747564
1200,RDW,1.9199999570846558,-0.7337031973750016
1201,RWT,6.949999809265137,-0.4090878131344361
1202,RBC,207.4600067138672,0.01722605462365379
1203,RGC,29.200000762939453,0.11834546458657799
1204,REG,62.63999938964844,-0.11281852347310799
1205,RM,27.690000534057617,-0.5055094308414497
1206,RF,21.219999313354492,0.0029923732886508797
1207,RGS,1.2100000381469727,-0.3085714067731585
1208,RGA,142.6699981689453,0.3414168701801906
1209,RS,204.4499969482422,0.29202508212304734
1210,RNR,186.8800048828125,0.11830982597459731
1211,SOL,4.380000114440918,-0.26386550338698644
1212,RENN,1.3899999856948853,0.43917954103165
1213,RSG,130.77000427246094,-0.03409497674653452
1214,RMD,208.32000732421875,-0.19885261156915965
1215,RFP,20.899999618530273,0.44636677469915864
1216,RH,264.4100036621094,-0.5119605940343315
1217,QSR,64.98999786376953,0.12384001000567436
1218,REX,30.040000915527344,-0.09508984226826289
1219,REXR,54.529998779296875,-0.29354099116391996
1220,RNG,33.65999984741211,-0.8245412818496605
1221,RIO,70.79000091552734,0.18733754799979935
1222,RBA,56.130001068115234,-0.08046732603572032
1223,RAD,3.440000057220459,-0.7509051446273644
1224,RLI,133.69000244140625,0.2839141739731059
1225,RLJ,10.539999961853027,-0.24562682305293135
1226,RRTS,1.6200000047683716,-0.2534562452481091
1227,RHI,73.37999725341797,-0.32867716974996425
1228,RBLX,26.75,-0.7452623611482555
1229,RKT,7.289999961853027,-0.4796171583155053
1230,ROK,256.739990234375,-0.24901353789413294
1231,ROC,10.15999984741211,0.031472025780381496
1232,ROG,113.52999877929688,-0.5847172552800165
1233,RCI,45.099998474121094,-0.004748255738924307
1234,ROL,37.119998931884766,0.13497403358575624
1235,ROP,430.1099853515625,-0.11355189986535198
1236,RY,94.37000274658203,-0.07178144729802936
1237,RCL,49.790000915527344,-0.3654091065955562
1238,RES,8.789999961853027,0.8552720106127311
1239,RPM,99.80999755859375,0.021378589431726772
1240,R,84.69000244140625,0.08560318742555144
1241,RHP,82.66999816894531,-0.08470574680331447
1242,SBR,82.47000122070312,1.252883629512785
1243,SB,2.950000047683716,-0.1532105388398341
1244,SFE,3.009999990463257,-0.5560472127849181
1245,CRM,129.44000244140625,-0.4988772413525845
1246,SMM,9.109999656677246,0.3769116531873126
1247,SBH,12.479999542236328,-0.33933298329933964
1248,SJT,11.869999885559082,1.304787723325783
1249,SD,17.3700008392334,0.542628817598018
1250,SNY,48.52000045776367,-0.001414434819214802
1251,SAP,103.5,-0.24595218966453924
1252,SAR,25.579999923706055,-0.03873718098777371
1253,SSL,16.06999969482422,0.028953258774299506
1254,BFS,40.7400016784668,-0.1891988555893271
1255,SCU,8.890000343322754,-0.5742254763485115
1256,SLB,52.9900016784668,0.8022178120760953
1257,SAIC,109.4800033569336,0.33646319245071166
1258,STNG,54.720001220703125,3.3198929823256407
1259,SMG,47.70000076293945,-0.6955744379958556
1260,SA,12.25,-0.2725653272563968
1261,SDRL,31.15999984741211,0.17584905084573998
1262,SEE,49.959999084472656,-0.24507289353041528
1263,SEAS,54.29999923706055,-0.19280508478132488
1264,SIR,0.2199999988079071,-0.7250000055879353
1265,SEM,24.3799991607666,-0.1404021464019818
1266,SMI,45.18600082397461,-0.0852128823831465
1267,SRE,157.75,0.2479819121579596
1268,ST,39.77000045776367,-0.3367608801491849
1269,SXT,72.93000030517578,-0.2489555078067424
1270,SQNS,2.880000114440918,-0.41344191365731586
1271,SCI,70.2300033569336,0.004174356907842884
1272,NOW,381.8599853515625,-0.4242854171919486
1273,SJR,26.280000686645508,-0.09638387336785383
1274,SHW,242.6699981689453,-0.2910130463127877
1275,SHG,29.280000686645508,-0.08557150942993866
1276,SFL,9.399999618530273,0.26713000077648014
1277,SSTK,52.43000030517578,-0.5323368603977444
1278,SIG,68.05000305175781,-0.20006647391145607
1279,SVM,3.0399999618530273,-0.19289701386648814
1280,SPG,117.91000366210938,-0.20958920139290935
1281,SSD,89.1500015258789,-0.3433818450563379
1282,SITC,13.619999885559082,-0.08427394162171478
1283,SIX,23.079999923706055,-0.46150257594415983
1284,SJW,81.0199966430664,0.1737737798147818
1285,SKM,21.110000610351562,-0.27055977122361946
1286,SKX,42.0,-0.023255813953488372
1287,SLG,33.84000015258789,-0.5165607301797296
1288,SM,35.34000015258789,0.13716983672753433
1289,SNN,26.8700008392334,-0.20166554253813074
1290,SNA,227.74000549316406,0.09269947378239149
1291,SQM,82.1500015258789,0.7857417981378478
1292,SWI,9.029999732971191,-0.38108295829116207
1293,SAH,47.47999954223633,0.004430223813538402
1294,SON,60.43000030517578,0.0942277747358313
1295,SOR,36.880001068115234,-0.09244476469852157
1296,SJI,35.2400016784668,0.41238546385614144
1297,SO,71.73999786376953,0.113725725687312
1298,SCCO,61.060001373291016,0.0609386520585368
1299,LUV,36.09000015258789,-0.13577582367913132
1300,SWX,62.209999084472656,-0.08381919595756304
1301,SWN,6.099999904632568,0.23732253895193897
1302,SPE,11.5600004196167,-0.16272790060161968
1303,SE,49.91999816894531,-0.7726776102847015
1304,SPB,59.25,-0.403072685858386
1305,SPR,28.829999923706055,-0.34327187508906865
1306,SRC,40.77000045776367,-0.09468961242190693
1307,SRLP,20.0,0.6553391632515767
1308,S,13.270000457763672,-0.7505639047470106
1309,JOE,38.58000183105469,-0.2412980470779312
1310,STAG,32.900001525878906,-0.2630282437231637
1311,SFG,22850.0,0.2909604519774011
1312,SMP,35.029998779296875,-0.31914236101328214
1313,SXI,102.70999908447266,-0.054283093405807545
1314,SWK,73.94000244140625,-0.5857362274469801
1315,STN,47.11000061035156,-0.14470171779875315
1316,SGU,11.979999542236328,0.21372878549052868
1317,SCX,7.71999979019165,-0.1645021665127783
1318,SRT,3.740000009536743,-0.2956685405199788
1319,STWD,19.239999771118164,-0.16169078607073667
1320,STT,77.48999786376953,-0.14732354497489974
1321,SPLP,41.0,-0.015369822262954672
1322,SCS,7.110000133514404,-0.35521249629514506
1323,SCM,13.029999732971191,0.10317385599046082
1324,SCL,108.45999908447266,-0.09330483235692083
1325,STE,182.05999755859375,-0.25007385193861653
1326,STC,42.310001373291016,-0.44972353493459877
1327,SF,57.939998626708984,-0.16919297201529174
1328,SFB,21.3700008392334,0.0
1329,STM,35.849998474121094,-0.2797942931097879
1330,EDF,4.190000057220459,-0.2798086421812214
1331,EDI,4.610000133514404,-0.3030014019461718
1332,STON,3.5299999713897705,0.42914976943379257
1333,SRI,21.270000457763672,0.10550939245294653
1334,STRI,0.05000000074505806,0.0
1335,SGL,15.0,0.003344494406205683
1336,LRN,32.25,-0.04387784056691401
1337,KTH,28.770000457763672,-0.04338691946402961
1338,KTN,27.559999465942383,-0.09324167964736187
1339,SYK,242.83999633789062,-0.09113169987012383
1340,RGR,51.599998474121094,-0.12367569503416896
1341,SPH,15.270000457763672,0.1411331385281339
1342,SMFG,8.050000190734863,0.17862375997902197
1343,INN,7.230000019073486,-0.2537846693846375
1344,SMLP,16.350000381469727,-0.29190124411336377
1345,SUI,142.99000549316406,-0.2974847370929685
1346,SLF,46.459999084472656,-0.12607833716219086
1347,SXC,8.65999984741211,0.32703854770699714
1348,SU,31.5,0.31451038024882544
1349,SHO,9.640000343322754,-0.17613622563542486
1350,SUP,4.440000057220459,-0.008928562875609045
1351,SFY,13.420000076293945,-0.23265509954622035
1352,SWZ,7.519999980926514,-0.16856927396585597
1353,SMA,9990.0,-0.09181818181818181
1354,SNX,95.19000244140625,-0.161485979216227
1355,SNV,36.58000183105469,-0.20634570656395837
1356,GJH,8.449999809265137,-0.1414896752618464
1357,GJO,23.799999237060547,0.007955690853782758
1358,GJP,24.43000030517578,0.03619637187639932
1359,GJR,23.850000381469727,0.08540364880135093
1360,GJS,20.979999542236328,0.0015060519323417483
1361,GJT,20.979999542236328,0.04623267524262864
1362,SYY,78.08999633789062,0.03177861089580887
1363,TMUS,140.02000427246094,0.18080622457699583
1364,TWN,23.530000686645508,-0.3637100871304512
1365,TSM,74.88999938964844,-0.3764744839691207
1366,TAL,8.869999885559082,1.2174999713897705
1367,SKT,18.149999618530273,-0.01469799934291297
1368,TRGP,73.36000061035156,0.4261625842568974
1369,TGT,143.14999389648438,-0.3477064229113937
1370,TARO,29.450000762939453,-0.3925329818272321
1371,TTM,22.350000381469727,-0.2967275047649205
1372,TMHC,30.729999542236328,-0.10329736995160667
1373,TCB,49200.0,0.007164790174002047
1374,TSI,4.739999771118164,-0.12996915571954804
1375,TEL,113.94999694824219,-0.28835627455980556
1376,TISI,5.659999847412109,-0.48073394078014764
1377,TK,4.579999923706055,0.41358021920527877
1378,TNK,31.530000686645508,1.8873626800693422
1379,TRC,18.75,0.0016026008411285514
1380,TEO,4.900000095367432,-0.011330777005363286
1381,TDY,393.75,-0.09125529729546605
1382,TFX,248.80999755859375,-0.24479673857657488
1383,TEF,3.549999952316284,-0.12688732058558175
1384,VIV,7.420000076293945,-0.10597346475020132
1385,TDS,10.569999694824219,-0.455785741347672
1386,TU,19.670000076293945,-0.12353089207179967
1387,TDF,10.100000381469727,-0.32207731554697744
1388,EMF,11.0600004196167,-0.23285590445733684
1389,TEI,5.019999980926514,-0.22074189270760972
1390,GIM,4.25,-0.11546234131007778
1391,TPX,34.56999969482422,-0.25456899773894415
1392,TS,35.5,0.7318790885281792
1393,THC,46.63999938964844,-0.4171456967476677
1394,TNC,60.02000045776367,-0.25027415658550944
1395,TEN,19.989999771118164,0.7816398658974147
1396,TVC,20.959999084472656,-0.15548654059738481
1397,TVE,20.790000915527344,-0.16756182200355385
1398,TDC,33.220001220703125,-0.2524751969560706
1399,TER,86.55999755859375,-0.48419875674064083
1400,TEX,43.060001373291016,-0.017959085808165385
1401,TX,30.93000030517578,-0.2293153007562356
1402,TRNO,57.470001220703125,-0.2907908736791492
1403,TTI,3.4600000381469727,0.20557497425577678
1404,TEVA,9.239999771118164,0.09090902949398177
1405,TPL,2508.93994140625,0.9919587932006494
1406,TGH,31.020000457763672,-0.11063412365649729
1407,TXT,70.41000366210938,-0.08439628836817255
1408,TTF,15750.0,0.125
1409,THR,19.639999389648438,0.14252465267448772
1410,TMO,540.6799926757812,-0.18171760489781472
1411,TC,0.8700000047683716,-0.6836363619024103
1412,TRI,113.33000183105469,-0.027109554451583924
1413,THO,77.26000213623047,-0.2114923640700282
1414,TDW,34.88999938964844,2.2097515875782294
1415,TLYS,8.859999656677246,-0.4448621782267908
1416,TIME,16.115999221801758,-0.3667086116476133
1417,TKR,70.66000366210938,0.050913347500515155
1418,TMST,18.360000610351562,0.10402895591638817
1419,TWI,15.59000015258789,0.5374753081595299
1420,TJX,79.5,0.08936238543907156
1421,TOL,50.79999923706055,-0.27795276478568826
1422,TR,43.52000045776367,0.2117798074706814
1423,TTC,112.9800033569336,0.143451450869589
1424,TD,64.9800033569336,-0.11655620497496667
1425,NDP,29.889999389648438,0.4229072093900627
1426,TYG,32.099998474121094,0.2680468049517409
1427,NTG,34.86000061035156,0.2578519048046077
1428,TTP,27.049999237060547,0.2994015986627387
1429,TPZ,12.600000381469727,0.049325966692862634
1430,TW,64.2699966430664,-0.36321157673299453
1431,TM,137.13999938964844,-0.26229153366184194
1432,TSLX,17.709999084472656,-0.16074534812725205
1433,TAC,8.779999732971191,-0.21192318283670597
1434,TRP,40.709999084472656,-0.0950541943200964
1435,TCI,43.56999969482422,0.1143222863208463
1436,TDG,620.3200073242188,0.01667939434522946
1437,RIG,4.670000076293945,0.5211726963658562
1438,TGS,10.869999885559082,1.363043502373146
1439,TA,45.04999923706055,-0.14239481660114459
1440,TRV,189.47999572753906,0.24029816071169594
1441,TG,10.3100004196167,-0.0909660474212383
1442,THS,47.650001525878906,0.20297906568136212
1443,TRMR,6.380000114440918,-0.5686274421300558
1444,TREX,41.880001068115234,-0.6937700881084646
1445,TY,26.020000457763672,-0.18754917028256216
1446,TPH,18.600000381469727,-0.31263855326828
1447,TCAP,0.0021200000774115324,0.0
1448,TCC,17000.0,0.0
1449,TSL,8.204999923706055,-0.6627065752013317
1450,TNET,65.41000366210938,-0.3253918700522735
1451,TRN,29.93000030517578,0.04970202917971413
1452,TSE,23.329999923706055,-0.5448806604812962
1453,TPVG,11.130000114440918,-0.27900842314593644
1454,TGI,9.729999542236328,-0.4851851990146778
1455,TROX,13.710000038146973,-0.4018031403221613
1456,TBI,19.219999313354492,-0.31722914480245457
1457,TRW,62.16999816894531,0.21165458010116867
1458,TNP,16.84000015258789,1.3793188941259535
1459,TUP,3.9700000286102295,-0.7377807173986537
1460,TKC,4.440000057220459,0.18227515741747166
1461,TRQ,31.40999984741211,0.9129110658628853
1462,TPC,7.539999961853027,-0.39534885321621877
1463,TWTR,53.70000076293945,0.21136924306014263
1464,TWO,16.1299991607666,-0.23490955813329029
1465,TYL,320.1199951171875,-0.3989485358781534
1466,TSN,61.349998474121094,-0.27119176808480616
1467,UBS,18.6200008392334,0.059220473499477726
1468,UDR,38.75,-0.32774368321954106
1469,UGI,37.33000183105469,-0.15150141505507617
1470,UGP,2.5199999809265137,0.01235429679295148
1471,UMH,16.219999313354492,-0.34797162341433285
1472,UA,8.600000381469727,-0.5146726458962995
1473,UFI,7.909999847412109,-0.6559373672830885
1474,UNF,190.1300048828125,-0.06882214411481584
1475,UL,51.06999969482422,-0.004281360759310085
1476,UNP,209.91000366210938,-0.13412863865149102
1477,UIS,4.579999923706055,-0.7810707501432563
1478,UAL,38.38999938964844,-0.13885155197760127
1479,UMC,6.739999771118164,-0.38976177454469596
1480,UPS,177.00999450683594,-0.14988595798516882
1481,URI,355.2200012207031,0.06512743994213831
1482,USM,20.6200008392334,-0.350960008116888
1483,X,25.959999084472656,0.10466512181738037
1484,UNH,531.3099975585938,0.07730598228994612
1485,UTL,51.97999954223633,0.1791757635190209
1486,UVV,53.81999969482422,0.05299410846520212
1487,UHT,48.11000061035156,-0.14346419286866038
1488,UHS,140.75999450683594,0.10077778847747557
1489,UTI,6.150000095367432,-0.20233462192750815
1490,UNM,41.08000183105469,0.7362880397817531
1491,UBA,18.979999542236328,-0.042710045401831945
1492,USB,43.20000076293945,-0.20930426920163242
1493,USPH,81.3499984741211,-0.14631579065355432
1494,SLCA,12.479999542236328,0.29864724121659475
1495,USAC,19.329999923706055,0.375497251818249
1496,USNA,54.40999984741211,-0.4631475020563985
1497,EGY,4.579999923706055,0.37943060635193004
1498,MTN,241.05999755859375,-0.24633539172020313
1499,VALE,16.690000534057617,0.2534794413641181
1500,VLO,124.37000274658203,0.7616382235593653
1501,VHI,22.34000015258789,-0.18371257434951038
1502,VR,18.079999923706055,-0.2401319887240593
1503,VLY,11.479999542236328,-0.13450042305588422
1504,VMI,335.1400146484375,0.3682920240898045
1505,VAL,66.62000274658203,0.7798557895648718
1506,VGR,11.579999923706055,-0.27542602140082756
1507,VVC,0.05999999865889549,-0.5714285828325213
1508,VEEV,160.82000732421875,-0.3881913707438971
1509,VTR,45.4900016784668,-0.0542325617914882
1510,VRTV,130.97999572753906,0.097812408077656
1511,VZ,38.40999984741211,-0.23096879080653046
1512,VET,17.969999313354492,0.34592819953404075
1513,VFC,26.06999969482422,-0.614627249189172
1514,VVI,24.8799991607666,-0.42126080043330844
1515,VII,10.100000381469727,0.04123717320308829
1516,VNCE,7.71999979019165,-0.0631067955546739
1517,VIPS,13.479999542236328,0.6359223199841301
1518,VHC,1.2000000476837158,-0.569892450146589
1519,V,205.8300018310547,-0.04706615885067035
1520,VSH,21.3700008392334,0.007495404283244884
1521,VPG,38.41999816894531,0.03585866839810793
1522,VGZ,0.5,-0.2537313618726889
1523,VSTO,23.860000610351562,-0.42408881403337156
1524,VC,128.27999877929688,0.12724073233067806
1525,VOC,9.119999885559082,1.3100734998779804
1526,VNRX,2.450000047683716,-0.2461538314819336
1527,VNO,21.450000762939453,-0.4473329808104357
1528,VJET,2.259999990463257,-0.6083188911726203
1529,VOYA,61.86000061035156,-0.06226439839925648
1530,VMC,175.1999969482422,-0.14784864179020624
1531,WTI,5.730000019073486,0.6754385646923006
1532,WNC,23.25,0.21760211106905833
1533,WAB,100.48999786376953,0.11125205321047495
1534,WMT,143.77000427246094,0.03743954304750827
1535,WD,79.05999755859375,-0.4708131353912884
1536,DIS,88.01000213623047,-0.4240183221304065
1537,WCN,133.3699951171875,-0.004892237235081614
1538,WM,159.2100067138672,-0.012346255136818706
1539,WAT,346.6600036621094,-0.056989697027456106
1540,WSO,252.1699981689453,-0.14875914417967576
1541,WTS,146.86000061035156,-0.22987470503027452
1542,WPP,49.630001068115234,-0.31664774040380694
1543,W,33.560001373291016,-0.8312550253955101
1544,WBS,46.72999954223633,-0.14187784196303782
1545,WTW,244.38999938964844,0.03757588439206002
1546,WMK,84.23999786376953,0.2989235697083373
1547,WFC,40.97999954223633,-0.13999819076103315
1548,WCC,123.19000244140625,-0.05420343615043186
1549,WST,235.1300048828125,-0.4940895119476714
1550,WAL,58.119998931884766,-0.44993862456937916
1551,WES,25.770000457763672,0.3028729564774982
1552,WU,13.829999923706055,-0.1691212161908826
1553,WLK,105.0999984741211,0.1156609426380431
1554,WHG,10.460000038146973,-0.34883196962194857
1555,WEX,161.89999389648438,0.18356606362153471
1556,WY,31.489999771118164,-0.16086949052509683
1557,WHR,141.6199951171875,-0.3598446390655831
1558,WTM,1394.760009765625,0.3807610946392501
1559,WSR,9.609999656677246,0.009452989050484695
1560,WMB,33.31999969482422,0.3339993170129151
1561,WSM,120.22000122070312,-0.2706253981884543
1562,WGO,53.310001373291016,-0.24783876515259487
1563,WIT,4.53000020980835,-0.5253176915650433
1564,WEC,95.4800033569336,0.03278417408617443
1565,WNS,79.2699966430664,-0.10378745756823025
1566,WWW,10.380000114440918,-0.6361910369088867
1567,WF,30.010000228881836,-0.10203465370719651
1568,WDAY,164.63999938964844,-0.4106318389388557
1569,INT,27.510000228881836,0.03776447207468021
1570,WWE,69.73999786376953,0.44295394343189143
1571,WOR,49.58000183105469,-0.04455920460184147
1572,WPC,79.75,0.025272450693361502
1573,WRB,73.44999694824219,0.3726333727300407
1574,WH,70.16999816894531,-0.19615085370038216
1575,GWW,565.0999755859375,0.10924959523031916
1576,X,25.959999084472656,0.10466521147490183
1577,XHR,13.199999809265137,-0.27042303247189237
1578,XRX,14.609999656677246,-0.31980377457812786
1579,XIN,4.070000171661377,-0.3435483392145815
1580,XL,0.9528999924659729,-0.7277428592954364
1581,XPO,34.900001525878906,-0.23330241008583924
1582,XYL,109.7300033569336,-0.06029676982570266
1583,YALA,3.559999942779541,-0.4154351636154309
1584,AUY,5.639999866485596,0.4090178576214894
1585,YSG,1.4700000286102295,-0.19230769986533935
1586,YELP,26.3799991607666,-0.29105079790838534
1587,YETI,41.540000915527344,-0.505299508018996
1588,YEXT,6.139999866485596,-0.4196597437843059
1589,YPF,9.09000015258789,1.2334151767068222
1590,YUM,128.89999389648438,-0.048057189658117845
1591,YUMC,55.59000015258789,0.16492416026225248
1592,ZEN,77.4800033569336,-0.25392388545637556
1593,ZH,1.399999976158142,-0.741697425009
1594,ZIM,17.510000228881836,-0.48400631898532914
1595,ZBH,126.69000244140625,0.029488336204094405
1596,ZION,48.45000076293945,-0.20990006485837098
1597,ZUO,5.800000190734863,-0.7066261984603442
1598,ZTS,145.75999450683594,-0.4043672833357433
1599,ZYME,8.039999961853027,-0.49178254633699836
