,Ticker,Price,Trailing PE ratio,Forward PE ratio,Shares to buy
0,AOS,57.66999816894531,18.366241,17.96573,0
1,ATEN,16.90999984741211,33.156864,20.130953,0
2,AAC,10.09000015258789,45.863636,-9.990099,0
3,AIR,44.310001373291016,17.17442,12.240333,0
4,AAN,11.350000381469727,20.636364,6.755953,0
5,ABB,30.639999389648438,14.9463415,20.291391,0
6,ABT,108.56999969482422,24.507902,24.61905,0
7,ABBV,162.99000549316406,21.732,13.954623,0
8,ANF,22.059999465942383,52.52381,14.805368,0
9,JEQ,5.260000228881836,3.9548872,,0
10,ABM,44.59000015258789,13.076246,11.260101,0
11,AKR,14.390000343322754,42.32353,159.88889,0
12,ACN,265.30999755859375,24.097183,21.123407,0
13,ACCO,5.619999885559082,25.545454,4.5691056,0
14,GOLF,43.13999938964844,18.202532,16.279245,0
15,AYI,167.97000122070312,15.159747,11.640332,0
16,ADX,14.489999771118164,2.5921288,,0
17,AGRO,8.25,5.650685,8.505155,0
18,ADNT,34.29999923706055,4.352792,8.932292,0
19,AAP,145.02000427246094,18.592308,10.854791,0
20,WMS,82.27999877929688,15.180811,13.851851,0
21,ASX,6.260000228881836,5.850467,7.7283955,0
22,ASIX,38.58000183105469,6.852576,5.9353848,0
23,AVK,11.069999694824219,1.9697509,-369,0
24,ACM,85.63999938964844,31.369963,19.87007,0
25,AEG,5.139999866485596,16.0625,7.7878785,0
26,HIVE,1.5,1.8518518,-1.7241379,0
27,AJRD,55.849998474121094,48.146553,26.469194,0
28,AMG,156.94000244140625,12.137664,8.2081585,0
29,AFL,72.23999786376953,9.237851,13.230769,0
30,MITT,5.690000057220459,3.1436465,7.5866666,0
31,AGCO,134.88999938964844,11.916078,10.096557,0
32,A,149.5500030517578,35.777515,23.813694,0
33,AEM,53.540000915527344,37.704227,26.636816,0
34,ADC,71.19999694824219,38.9071,40.454544,0
35,APD,312.20001220703125,30.972223,24.916203,0
36,ALG,141.11000061035156,18.278498,15.075855,0
37,AGI,10.289999961853027,171.5,30.264706,0
38,ALK,42.2599983215332,103.073166,8.302553,0
39,AIN,98.66000366210938,29.538923,25.168367,0
40,ALB,214.16000366210938,16.236544,7.562147,0
41,AA,44.86000061035156,8.727627,13.888545,0
42,ALEX,18.700000762939453,49.21053,17.476635,0
43,ALX,219.57000732421875,9.391361,16.877018,0
44,ARE,146.4499969482422,44.111446,55.05639,0
45,AQN,6.559999942779541,93.71429,9.507246,0
46,BABA,89.86000061035156,124.80555,10.211364,0
47,ATI,31.450000762939453,165.52632,14.905214,0
48,ALLE,105.9800033569336,21.584522,17.517355,0
49,ALE,65.56999969482422,17.9153,16.6,0
50,AWF,9.300000190734863,310.0,,0
51,AB,34.08000183105469,10.08284,13.158302,0
52,AFB,10.369999885559082,10.802083,,0
53,LNT,56.029998779296875,21.06391,19.387543,0
54,NCV,3.4200000762939453,2.235294,,0
55,NCZ,2.930000066757202,2.0928571,,0
56,NIE,20.09000015258789,7.4962687,,0
57,NFJ,11.170000076293945,5.529703,,0
58,ALSN,42.130001068115234,8.133205,7.1894197,0
59,ALL,136.02000427246094,42.373833,14.72078,0
60,ALLY,23.68000030517578,3.9466667,5.5198135,0
61,AGD,9.489999771118164,2.6582632,,0
62,AWP,3.950000047683716,197.5,,0
63,AOD,7.849999904632568,2.6975944,,0
64,MO,46.47999954223633,18.085604,9.222222,0
65,ABEV,2.7200000286102295,17.0,20.923079,0
66,AEE,90.27999877929688,22.626566,20.70642,0
67,AMRC,56.529998779296875,27.985147,29.752632,0
68,AAT,26.65999984741211,38.63768,35.546665,0
69,AXL,7.599999904632568,253.33333,6.785714,0
70,AEO,14.09000015258789,23.09836,12.469027,0
71,AEP,96.29000091552734,19.977179,18.167925,0
72,AEL,46.150001525878906,3.3393633,9.102564,0
73,AXP,146.38999938964844,14.683048,13.875829,0
74,AFG,138.35000610351562,12.072427,11.616289,0
75,AMH,30.260000228881836,49.606556,58.19231,0
76,AIG,63.33000183105469,3.7562277,10.052381,0
77,ARL,27.049999237060547,1.3411006,,0
78,AWR,94.9000015258789,43.935184,34.889706,0
79,AMT,210.89999389648438,33.52941,45.452587,0
80,AVD,21.989999771118164,43.11765,23.64516,0
81,AWK,154.27999877929688,38.979282,33.466377,0
82,AME,140.1300048828125,37.16976,29.19375,0
83,AMN,102.18000030517578,69.04054,26.403101,0
84,AP,2.630000114440918,4.8703704,11.434783,0
85,APH,76.3499984741211,36.618702,30.418325,0
86,AMX,18.639999389648438,16.068966,12.767122,0
87,AMOV,18.549999237060547,15.991379,,0
88,AU,19.709999084472656,8.694309,7.979757,0
89,BUD,60.36000061035156,86.35193,16.6281,0
90,NLY,22.489999771118164,7.2454896,21.01869,0
91,AM,10.979999542236328,15.041095,13.898733,0
92,AON,300.9700012207031,32.99748,24.271774,0
93,ARI,11.399999618530273,8.809892,7.8082185,0
94,APO,63.40999984741211,144.11363,18.760355,0
95,AFT,12.239999771118164,52.98701,,0
96,AIF,12.069999694824219,25.303982,11.386793,0
97,AIT,127.33999633789062,43.47559,25.57028,0
98,ATR,110.87000274658203,30.67792,23.997837,0
99,ABR,13.59000015258789,9.651989,7.9941177,0
100,ARC,2.740000009536743,19.571428,15.222221,0
101,ADM,95.91000366210938,26.05542,21.847382,0
102,ACRE,11.0,16.666666,7.5862064,0
103,ARES,66.93000030517578,48.5,25.067415,0
104,AGX,36.790000915527344,24.364239,9.106436,0
105,ANET,118.86000061035156,14.876096,10.565333,0
106,AHH,11.489999771118164,30.236841,38.3,0
107,ARR,5.769999980926514,1.4840535,4.5793653,0
108,AWI,69.12000274658203,20.395397,14.896553,0
109,ARW,104.0999984741211,14.010767,9.269814,0
110,AJG,189.27999877929688,43.472668,36.330135,0
111,APAM,30.59000015258789,7.554952,5.7935605,0
112,ASA,14.569999694824219,1.8027716,,0
113,ABG,172.5,10.175191,10.56338,0
114,ASH,108.33999633789062,47.53839,18.809027,0
115,ASB,22.770000457763672,10.473782,14.503184,0
116,AC,40.52000045776367,48.180737,15.644789,0
117,AIZ,124.56999969482422,17.813528,10.476871,0
118,AGO,62.560001373291016,14.930788,19.611286,0
119,AZN,67.93000030517578,44.823494,21.228125,0
120,ATKR,116.0,19.584671,20.422535,0
121,ATO,115.58000183105469,22.455801,21.364141,0
122,ATHM,31.950000762939453,7.2845416,5.5086207,0
123,ALV,75.54000091552734,24.59785,8.783721,0
124,AN,107.0,10.941813,11.298838,0
125,AZO,2454.320068359375,31.02885,28.223553,0
126,AVB,162.8000030517578,28.456564,51.35647,0
127,AGR,43.470001220703125,19.940367,17.815575,0
128,AVY,182.3800048828125,24.288189,20.01976,0
129,AVA,44.5,23.421053,19.347826,0
130,AVT,41.34000015258789,25.740973,11.913545,0
131,AXTA,25.6299991607666,71.19444,11.19214,0
132,AXS,54.630001068115234,30.829573,10.566731,0
133,AZZ,39.20000076293945,25.789474,13.023256,0
134,BGS,11.539999961853027,5.6568627,4.95279,0
135,MCI,13.729999542236328,18.137383,,0
136,BMI,110.33000183105469,63.045715,53.558254,0
137,BKR,29.3700008392334,163.16667,24.272728,0
138,BANC,15.550000190734863,48.59375,10.578231,0
139,BBVA,6.0,8.746356,7.894737,0
140,BBD,2.759999990463257,9.230769,4.928571,0
141,BCH,20.06999969482422,11.150001,11.212291,0
142,BLX,15.729999542236328,9.831249,8.887006,0
143,BMA,15.979999542236328,3.1706347,2.8383658,0
144,BSBR,5.289999961853027,7.895522,7.0533333,0
145,BSAC,15.40999984741211,7.705,6.090909,0
146,BAC,32.529998779296875,13.961373,10.459807,0
147,BOH,76.94999694824219,17.130453,14.855212,0
148,BK,44.81999969482422,11.955188,9.894039,0
149,BNS,48.93000030517578,11.287197,8.307301,0
150,BKU,33.7400016784668,9.737374,9.558074,0
151,BCS,7.809999942779541,9.52439,7.036036,0
152,B,40.33000183105469,38.891037,16.596708,0
153,BAX,50.84000015258789,24.560387,12.615384,0
154,BCE,44.2599983215332,19.981941,15.368054,0
155,BZH,12.800000190734863,5.091488,3.786982,0
156,BDX,255.3000030517578,48.57306,19.09499,0
157,BHE,26.899999618530273,54.016064,18.81119,0
158,BERY,60.79999923706055,12.816189,10.082918,0
159,BBY,81.86000061035156,11.967836,10.296856,0
160,BIG,14.9399995803833,0.92737424,2.3198757,0
161,BIO,413.04998779296875,3.0399935,32.859985,0
162,BKH,70.48999786376953,19.317621,17.319408,0
163,BLK,703.260009765625,20.379623,16.574594,0
164,BX,73.68000030517578,13.467373,18.559195,0
165,BXMT,22.260000228881836,11.891026,8.975806,0
166,BXC,71.02999877929688,8.307602,12.54947,0
167,BMO,90.7300033569336,13.557981,12.618916,0
168,BCC,71.06999969482422,16.006756,17.94697,0
169,BAH,104.6500015258789,26.689621,25.775864,0
170,BWA,40.150001525878906,17.158121,8.261317,0
171,SAM,333.3999938964844,17.281775,10,0
172,BXP,68.9000015258789,23.539461,22.81457,0
173,BSX,46.2400016784668,60.130043,24.994595,0
174,BYD,54.86000061035156,54.15597,16.040936,0
175,BPT,12.829999923706055,33.763157,3.2155387,0
176,BRC,47.099998474121094,23.573572,16.46853,0
177,BDN,6.320000171661377,3.546577,57.454548,0
178,LND,5.309999942779541,15.617647,,0
179,BRFS,1.3899999856948853,4.4267516,4.7931037,0
180,BFAM,62.060001373291016,139.14798,14.91827,0
181,EAT,32.86000061035156,206.66667,6.6383843,0
182,BCO,54.099998474121094,101.12149,9.425087,0
183,BRX,22.56999969482422,59.08377,36.403225,0
184,BR,135.47000122070312,30.614689,21.6752,0
185,BKD,2.7300000190734863,6.2045455,-2.7029703,0
186,BIP,30.829999923706055,75.01216,37.14458,0
187,BRO,57.36000061035156,31.022175,27.184835,0
188,BC,71.41000366210938,11.977525,8.541867,0
189,BKE,44.68000030517578,16.796991,15.145762,0
190,BG,100.58000183105469,13.035252,15.5216055,0
191,CTRA,25.579999923706055,29.101252,-10.398374,0
192,CACI,302.9200134277344,18.553318,17.683598,0
193,CAE,19.149999618530273,598.43744,20.157894,0
194,CWT,61.880001068115234,26.974718,33.268818,0
195,CALX,67.06999969482422,70.97355,58.32174,0
196,CPT,111.51000213623047,99.5625,70.57595,0
197,CPB,57.54999923706055,21.651617,18.80719,0
198,GOOS,17.239999771118164,33.606236,26.9375,0
199,CM,40.36000061035156,5.419632,4.178054,0
200,CNI,121.54000091552734,30.158808,22.341911,0
201,CP,75.86000061035156,4.774673,4.1273127,0
202,CAJ,22.010000228881836,23.743258,20.570093,0
203,COF,90.75,5.932148,5.6967983,0
204,CAH,79.1500015258789,16.82253,12.704655,0
205,CSL,238.2100067138672,41.747284,21.934624,0
206,KMX,60.41999816894531,13.367256,9.455399,0
207,CSV,27.139999389648438,14.903899,10.280302,0
208,CRI,75.54000091552734,12.034411,11.480244,0
209,CAT,243.13999938964844,38.877518,20.728048,0
210,CBZ,47.150001525878906,28.267387,26.488766,0
211,CE,103.75,5.8149314,8.12451,0
212,CLS,10.84000015258789,19.017544,9.508772,0
213,CPAC,5.019999980926514,20.916668,15.6875,0
214,CNC,81.58000183105469,19.48412,14.08981,0
215,EBR,7.809999942779541,10.427236,11.833333,0
216,CPF,20.1299991607666,12.046679,10.323076,0
217,CCS,51.220001220703125,6.132663,3.973623,0
218,CF,87.5999984741211,59.591835,36.962025,0
219,GIB,86.16000366210938,22.957634,24.338984,0
220,CRL,218.9199981689453,30.405556,20.55587,0
221,SCHW,82.22000122070312,35.470234,24.040936,0
222,CMCM,1.9500000476837158,4.2391305,10.833333,0
223,CHE,513.1900024414062,25.49759,26.590157,0
224,CHKR,1.1230000257492065,15.383562,,0
225,CPK,119.33000183105469,28.005163,24.402864,0
226,CIM,6.199999809265137,88.57143,4.7328243,0
227,CO,2.990000009536743,4.9219112,5.151035,0
228,CYD,7.110000133514404,3.4281585,2.9020407,0
229,CMG,1398.0,97.95403,43.41615,0
230,CHH,111.5,82.59259,26.421803,0
231,CB,220.89999389648438,17.936018,17.434885,0
232,CHT,36.810001373291016,23.9026,22.863356,0
233,CHD,81.91000366210938,26.594158,25.048931,0
234,CIEN,49.650001525878906,21.881886,15.964631,0
235,CI,334.1000061035156,14.551394,14.627846,0
236,C,44.38999938964844,6.0899987,5.380606,0
237,CVEO,31.229999542236328,1419.5454,25.809916,0
238,CLH,114.98999786376953,47.516525,43.067413,0
239,CLW,37.83000183105469,8.206074,11.971519,0
240,CLX,144.24000549316406,20.041685,18.659767,0
241,CMS,64.30999755859375,21.400997,21.01634,0
242,CNA,41.959999084472656,10.7700205,9.758139,0
243,CNO,22.75,6.797132,10.294118,0
244,KO,64.20999908447266,38.4491,27.323404,0
245,KOF,69.2699966430664,26.974297,21.37963,0
246,CDE,3.690000057220459,22.5,8.785715,0
247,CNS,63.93000030517578,29.734882,16.350384,0
248,CL,79.94000244140625,25.704182,22.84,0
249,CCZ,54.470001220703125,46.47611,,0
250,CMA,66.36000061035156,10.807817,12.592031,0
251,FIX,117.44999694824219,27.03107,28.999998,0
252,CMC,49.380001068115234,22.797785,21.284483,0
253,CWH,21.780000686645508,7.046263,4.4631147,0
254,CBU,62.41999816894531,18.961117,20.135485,0
255,CYH,4.019999980926514,1.1151179,5.0886073,0
256,CBD,3.109999895095825,2.0872483,11.5185175,0
257,SBS,10.640000343322754,40.61069,8.512,0
258,CIG,2.0199999809265137,5.821326,4.4888887,0
259,ELP,6.900000095367432,26.335878,6.509434,0
260,SID,2.7699999809265137,1.9262866,1.7987013,0
261,CMP,41.459999084472656,24.174927,13.593443,0
262,CCU,12.829999923706055,5.0711465,13.795699,0
263,CAG,39.02000045776367,16.057613,14.836501,0
264,ED,96.55000305175781,29.435976,21.36062,0
265,STZ,232.38999938964844,22.507507,19.777872,0
266,CSTM,11.930000305175781,24.802496,7.647436,0
267,TCS,4.210000038146973,5.751366,5.0722895,0
268,COO,333.44000244140625,7.3474064,23.027626,0
269,CLB,19.670000076293945,46.501183,15.3671875,0
270,GLW,31.899999618530273,22.624113,13.291666,0
271,OFC,26.06999969482422,30.138727,27.15625,0
272,CXW,12.350000381469727,27.444447,13.000001,0
273,CUZ,25.65999984741211,41.723576,34.675674,0
274,CR,100.5,25.968992,15.533231,0
275,BAP,133.82000732421875,118.21556,9.53134,0
276,CS,3.140000104904175,6.4081635,2,0
277,CRH,39.97999954223633,28.194641,222.1111,0
278,CRT,26.829999923706055,34.441593,,0
279,CCI,136.92999267578125,65.360374,44.170967,0
280,CCK,82.7699966430664,15.850248,11.307376,0
281,CSX,31.239999771118164,8.8523655,6.298387,0
282,CTS,39.470001220703125,30.10679,22.426138,0
283,CUBE,40.93000030517578,47.59302,39.35577,0
284,CFR,131.8300018310547,21.456705,24.733583,0
285,CMI,244.08999633789062,20.323896,14.332941,0
286,CW,166.16000366210938,34.616665,21.086294,0
287,CVS,93.0199966430664,17.027275,11.48395,0
288,DHI,89.2699966430664,10.348944,7.642979,0
289,DHR,260.8800048828125,40.980206,28.731277,0
290,DAC,53.20000076293945,8.248062,3.6438355,0
291,DQ,40.27000045776367,23.716137,5.810967,0
292,DAR,63.150001525878906,35.477528,14.754673,0
293,DVA,73.9000015258789,11.423714,7.6979165,0
294,DECK,396.8399963378906,30.824919,27.558334,0
295,DE,436.1499938964844,39.90393,23.781351,0
296,DKL,47.20000076293945,11.291866,10.776256,0
297,DLX,17.18000030517578,89.01554,3.211215,0
298,DB,11.399999618530273,15.0395775,7.7027025,0
299,DV,21.739999771118164,988.1818,62.114285,0
300,DHT,9.029999732971191,5.622665,12.541666,0
301,DEO,179.6199951171875,67.62801,31.79115,0
302,DKS,118.26000213623047,20.674826,21.462795,0
303,DLR,100.3499984741211,64.20345,61.564415,0
304,DFS,96.75,10.879344,8.262169,0
305,DLB,69.44999694824219,22.512154,17.762148,0
306,DG,247.1699981689453,23.274012,23.035416,0
307,DPZ,354.3999938964844,28.763899,23.674013,0
308,DCI,59.90999984741211,31.366493,23.311285,0
309,LPG,19.6200008392334,12.831917,9.959392,0
310,DEI,15.989999771118164,57.107143,37.186047,0
311,DOV,135.8800048828125,26.648363,17.902504,0
312,DOW,51.189998626708984,19.338873,10.197211,0
313,RDY,51.18000030517578,29.566725,17.832754,0
314,DRD,7.599999904632568,7.5848303,11.176471,0
315,DHF,2.2100000381469727,552.5,,0
316,DMB,10.359999656677246,40.0,,0
317,DSM,5.650000095367432,18.833332,,0
318,LEO,6.119999885559082,56.666664,,0
319,DTE,119.2300033569336,16.20193,16.047108,0
320,DTF,10.850000381469727,20.825336,,0
321,DCO,49.68000030517578,20.277552,14.317003,0
322,DUK,103.66999816894531,60.30832,19.022018,0
323,DRE,48.20000076293945,50.05192,67.88733,0
324,KTF,8.5600004196167,14.533108,,0
325,KSM,8.079999923706055,19.238096,,0
326,DY,93.33999633789062,87.233635,21.962353,0
327,DX,12.970000267028809,0.8242771,6.826316,0
328,SSP,13.289999961853027,4.095532,4.3431373,0
329,EXP,134.1300048828125,16.160242,17.307096,0
330,EGP,148.25,52.0358,52.758007,0
331,EMN,82.55000305175781,22.873373,9.111479,0
332,ETN,157.33999633789062,45.08309,24.058104,0
333,EC,10.199999809265137,4.766355,6.8456373,0
334,EIX,65.81999969482422,30.45812,13.886077,0
335,EW,73.58999633789062,54.551517,29.20238,0
336,EGO,8.670000076293945,12.998501,173.4,0
337,LLY,364.8800048828125,54.622757,42.13395,0
338,EFC,12.880000114440918,32.941177,7.5764704,0
339,EARN,7.21999979019165,2.407469,6.0672264,0
340,EME,150.0800018310547,58.283493,21.108297,0
341,EBS,11.029999732971191,1.5500281,2.0501857,0
342,EMR,96.66000366210938,27.976847,23.069214,0
343,EIG,43.45000076293945,7.264672,20.592419,0
344,ENB,39.65999984741211,32.995007,20.131979,0
345,EXK,3.4600000381469727,432.49997,18.210527,0
346,ENS,73.29000091552734,29.164345,13.472426,0
347,EBF,22.450000762939453,24.217909,15.921987,0
348,NPO,111.30999755859375,12.374653,21.001886,0
349,ETR,114.70999908447266,14.394529,18.207935,0
350,ELA,5.230000019073486,15.848484,10.67347,0
351,EPD,24.09000015258789,14.063046,11.363208,0
352,EPAM,318.1199951171875,56.807144,34.16971,0
353,EFX,194.33999633789062,39.41188,23.19093,0
354,ELS,65.05000305175781,52.291,42.796055,0
355,EQR,59.470001220703125,33.54202,56.6381,0
356,ESE,87.69999694824219,79.79982,23.575268,0
357,ESNT,39.0,10.051546,6.425041,0
358,ESS,210.94000244140625,32.56252,47.50901,0
359,EL,248.2899932861328,65.73736,34.725872,0
360,EEA,7.659999847412109,5.182679,,0
361,EVR,110.08999633789062,10.250465,9.212552,0
362,RE,336.0799865722656,15.990104,11.187749,0
363,EVTC,31.540000915527344,19.469137,12.466404,0
364,EXC,43.150001525878906,21.467663,14.147542,0
365,EXR,147.5399932861328,33.37254,33.22973,0
366,FN,129.5500030517578,36.39045,25.806774,0
367,FDS,395.54998779296875,39.397408,33.3516,0
368,FICO,614.2999877929688,68.40758,46.92895,0
369,AGM,113.45999908447266,13.719467,10.166667,0
370,FRT,102.5199966430664,63.283947,60.66272,0
371,FSS,46.150001525878906,29.545454,22.622551,0
372,FMN,10.319999694824219,13.668874,,0
373,FDX,177.0500030517578,15.589504,8.973644,0
374,FNF,37.72999954223633,7.556579,7.993644,0
375,FIS,67.2699966430664,269.08,9.139945,0
376,FAF,52.58000183105469,6.811764,8.988034,0
377,FBP,12.850000381469727,17.60274,10.118111,0
378,FCF,13.989999771118164,12.614968,11.658333,0
379,FHN,24.479999542236328,11.757925,14.926829,0
380,FR,48.540000915527344,28.721893,47.126217,0
381,AG,8.850000381469727,81.94444,126.42857,0
382,FRC,119.68000030517578,18.694159,15.522697,0
383,FFA,15.420000076293945,6.1606073,,0
384,FMY,11.600000381469727,45.3125,,0
385,FCT,9.619999885559082,78.21138,,0
386,FEO,9.640000343322754,5.345982,,0
387,FAM,5.849999904632568,15.0,,0
388,FE,42.2599983215332,17.123177,16.253845,0
389,FBC,37.540000915527344,3.9432771,6.800725,0
390,PFD,11.34000015258789,10.55866,,0
391,PFO,8.880000114440918,9.988751,,0
392,FFC,15.050000190734863,9.40625,,0
393,FLC,15.670000076293945,9.026498,,0
394,FLT,181.74000549316406,22.381775,12.430917,0
395,FLO,29.270000457763672,40.70932,24.596638,0
396,FLS,30.3799991607666,33.45815,15.822917,0
397,FMC,126.54000091552734,29.96448,15.738806,0
398,FTI,12.069999694824219,16.244953,63.526314,0
399,FNB,12.960000038146973,13.104145,12.705883,0
400,FL,37.0,12.012987,7.184466,0
401,F,11.199999809265137,11.267605,6.6272187,0
402,FOR,15.359999656677246,8.77213,6.5641026,0
403,FSM,3.9600000381469727,33.0,12,0
404,FBHS,56.83000183105469,13.966606,10.130933,0
405,FNV,138.7899932861328,81.163734,120.68695,0
406,BEN,26.90999984741211,17.272144,8.204268,0
407,FT,6.769999980926514,18.497269,,0
408,FCX,38.880001068115234,31.764708,11.781818,0
409,FMS,15.859999656677246,6.644323,4.88,0
410,FDP,26.450000762939453,25.679613,12.839807,0
411,FRO,12.479999542236328,5.971292,12.60606,0
412,FCN,159.52999877929688,26.583902,21.242342,0
413,FF,8.369999885559082,7.896227,10.4625,0
414,GCV,4.920000076293945,3.1578948,,0
415,GDV,20.670000076293945,10.073099,,0
416,GAB,5.610000133514404,9.6557665,,0
417,GGT,5.690000057220459,5.098566,,0
418,IT,335.6600036621094,113.39865,59.514187,0
419,GLOP,6.800000190734863,12.977099,8.5,0
420,GNRC,91.1500015258789,12.792983,8.233966,0
421,GAM,36.09000015258789,13.593221,,0
422,GD,248.74000549316406,21.347408,20.255701,0
423,GIS,85.94000244140625,20.864288,23.164421,0
424,GM,33.31999969482422,7.6951504,5.263823,0
425,GNE,10.670000076293945,24.25,23.195652,0
426,G,46.59000015258789,29.675158,17.988419,0
427,GPC,177.2899932861328,485.72598,27.572317,0
428,GNW,5.269999980926514,6.27381,5.1666665,0
429,GEO,11.34000015258789,12.06383,10.903847,0
430,GGB,5.630000114440918,22.165354,7.126582,0
431,GTY,35.560001373291016,20.734694,28.000002,0
432,GLT,2.75,5.729167,2.75,0
433,GSK,35.06999969482422,12.177083,11.312903,0
434,GLP,35.95000076293945,13.120439,21.920732,0
435,GPN,97.68000030517578,50.092308,10.594359,0
436,GSL,16.809999465942383,13.756137,4.8443804,0
437,GMED,73.80999755859375,73.07921,34.33023,0
438,GFI,10.65999984741211,13.1930685,44.416668,0
439,GS,341.9700012207031,8.494461,9.641105,0
440,GGG,67.19000244140625,31.828518,25.54753,0
441,GHM,9.369999885559082,36.31783,17.036364,0
442,GHC,598.030029296875,10.287626,12.458959,0
443,GPK,22.420000076293945,26.754177,14.464517,0
444,GTN,10.770000457763672,3.0058613,2.9266305,0
445,GDOT,15.380000114440918,36.188236,5.781955,0
446,GBX,34.47999954223633,135.21568,14.307054,0
447,GHL,10.119999885559082,5.981087,5.5911603,0
448,GEF,68.18000030517578,33.064983,16.004694,0
449,GFF,36.54999923706055,20.418995,17.572115,0
450,GPI,176.72000122070312,9.095214,8.979674,0
451,PAC,152.0399932861328,129.94872,24.802608,0
452,ASR,250.47999572753906,147.34117,28.112234,0
453,BSMX,6.0,8.163265,8.695652,0
454,TV,4.579999923706055,6.6861315,21.809525,0
455,HQL,14.029999732971191,2.7232141,,0
456,HQH,18.040000915527344,3.2811933,,0
457,HRB,37.790000915527344,76.96538,13.40071,0
458,HAE,78.38999938964844,36.976418,22.333334,0
459,HASI,29.540000915527344,26.830156,16.23077,0
460,THG,137.58999633789062,10.567588,13.800401,0
461,HOG,41.0099983215332,32.966236,12.815624,0
462,HMY,3.4800000190734863,8.0,7.102041,0
463,HHS,11.390000343322754,6.568628,-59.947372,0
464,HIG,76.61000061035156,16.341722,11.485757,0
465,HVT,30.290000915527344,7.4131184,7.766667,0
466,HE,42.20000076293945,23.314919,21.20603,0
467,FUL,73.4000015258789,26.8963,18.07882,0
468,HCA,240.02999877929688,17.93678,15.801844,0
469,HCI,39.34000015258789,11.275436,10.218183,0
470,HDB,67.76000213623047,173.7436,20.4713,0
471,HR,19.280000686645508,37.076927,66.482765,0
472,HEI,154.7100067138672,81.00001,57.72761,0
473,HLX,7.409999847412109,37.05,-32.21739,0
474,HLF,14.800000190734863,5.3429604,2.8682172,0
475,HTGC,13.079999923706055,4.6747675,9.276596,0
476,HRTG,1.7699999809265137,5.363636,1.1879195,0
477,HSY,235.72999572753906,35.07887,32.425034,0
478,HTZ,15.15999984741211,12.70746,-15.791667,0
479,HPQ,27.06999969482422,11.509354,7.9852505,0
480,HIW,28.139999389648438,13.673469,20.244604,0
481,HI,41.380001068115234,18.237108,11.55866,0
482,HTH,29.860000610351562,5.026936,11.396947,0
483,HNI,28.280000686645508,15.122995,10.591761,0
484,HEP,18.229999542236328,11.301921,8.980295,0
485,HD,319.54998779296875,26.762981,23.088871,0
486,HMC,22.920000076293945,10.427662,7.4657984,0
487,HON,214.88999938964844,32.89804,23.6663,0
488,HMN,37.68000030517578,11.8864355,11.665635,0
489,HRL,45.84000015258789,28.296297,24.382978,0
490,HOV,45.939998626708984,4.177123,63.80555,0
491,HSBC,31.06999969482422,21.20819,9.138235,0
492,HPP,9.819999694824219,3273.3333,89.27273,0
493,HUM,514.3800048828125,18.271526,20.909756,0
494,HII,232.08999633789062,13.54084,15.907471,0
495,HUN,27.770000457763672,14.930108,9.74386,0
496,HY,25.700000762939453,11.62896,7.427746,0
497,IAG,2.5799999237060547,13.096447,18.428572,0
498,IBN,21.889999389648438,30.151514,20.650944,0
499,IDA,109.12000274658203,22.545454,22.044445,0
500,IEX,230.05999755859375,45.198425,33.438953,0
501,IDT,28.030000686645508,16.936556,18.686666,0
502,IHS,6.050000190734863,19.025158,21.607143,0
503,ITW,223.74000549316406,32.105038,24.214287,0
504,IFN,15.149999618530273,6.479897,-9.649681,0
505,IBA,50.4900016784668,13.169014,12.314635,0
506,INFY,18.030000686645508,29.557377,23.723686,0
507,ING,12.319999694824219,16.041666,12.32,0
508,INGR,99.44999694824219,19.310678,14.186875,0
509,NSP,114.19000244140625,32.193405,24.09072,0
510,IBP,87.16999816894531,26.657492,12.762811,0
511,ICE,102.11000061035156,27.27297,19.375711,0
512,IBM,142.4199981689453,23.82402,11.819087,0
513,IFF,103.80000305175781,32.33645,15.751138,0
514,IP,34.90999984741211,14.237358,6.7524176,0
515,IPG,33.599998474121094,30.297565,14.358974,0
516,IVZ,18.31999969482422,11.981687,6.189189,0
517,VBF,15.649999618530273,10.364238,,0
518,VCV,9.40999984741211,20.957684,,0
519,VLT,10.270000457763672,97.80953,,0
520,OIA,5.985000133514404,142.5,,0
521,VMO,9.34000015258789,30.927155,,0
522,VKQ,9.420000076293945,31.932205,,0
523,VPV,9.800000190734863,29.607252,,0
524,IQI,9.430000305175781,26.414568,,0
525,VGM,9.579999923706055,30.509552,,0
526,IIM,11.789999961853027,28.273382,,0
527,IRM,50.70000076293945,42.640877,35.454548,0
528,IRS,5.0,1.7421603,-1.7543861,0
529,ITUB,4.590000152587891,12.966102,8.345454,0
530,ITT,81.16000366210938,98.25667,18.787037,0
531,ESI,18.420000076293945,30.598007,12.362416,0
532,SJM,159.8800048828125,19.015224,18.547565,0
533,JBL,68.94999694824219,28.729164,12.744917,0
534,JHX,17.809999465942383,46.86842,27.828125,0
535,JOF,6.429999828338623,8.772169,,0
536,JKS,41.02000045776367,51.597485,10.682292,0
537,JBT,90.3499984741211,27.132132,16.762524,0
538,JHS,10.739999771118164,9.504425,,0
539,JHI,12.199999809265137,162.66666,,0
540,JNJ,177.42999267578125,31.34252,17.060577,0
541,JCI,64.30000305175781,44.65278,20.608976,0
542,JLL,157.92999267578125,20.51039,12.664795,0
543,JPM,131.74000549316406,10.44975,11.015051,0
544,JNPR,31.780000686645508,51.507298,16.814816,0
545,JE,0.014499999582767487,0.99147725,3.3557694,0
546,KAI,177.36000061035156,37.182392,26.791542,0
547,KB,40.290000915527344,4.4299064,7.9311028,0
548,KBH,32.02000045776367,9.091425,4.8960247,0
549,KBR,52.650001525878906,95.20796,21.756199,0
550,K,72.66999816894531,20.019283,17.46875,0
551,KMPR,49.619998931884766,7.045293,7.3949327,0
552,KMT,24.540000915527344,201.14755,15.337501,0
553,KW,15.789999961853027,23.924242,-394.75,0
554,KEY,17.290000915527344,9.779412,8.821429,0
555,KRC,39.470001220703125,7.1232634,19.539604,0
556,KMB,138.3800048828125,20.75285,17.45019,0
557,KIM,21.299999237060547,9.017781,38.035713,0
558,KMI,18.260000228881836,22.739727,19.847826,0
559,KGC,4.239999771118164,4.0,4.510638,0
560,KEX,64.5,54.384487,26.763485,0
561,KRG,21.170000076293945,211.7,-235.22221,0
562,KKR,45.88999938964844,13.601067,14.385579,0
563,KNX,52.540000915527344,18.831541,15.184971,0
564,KNOP,9.25,5.3099885,2.917981,0
565,KN,16.3700008392334,54.74917,11.289656,0
566,PHG,14.899999618530273,9.539052,6.9953046,0
567,KOP,29.079999923706055,5.0928197,6.1610174,0
568,KEP,8.460000038146973,6.114926,1.8232759,0
569,KF,21.360000610351562,1.6218679,,0
570,KFY,51.060001373291016,59.028904,16.056604,0
571,KR,45.95000076293945,14.051988,15.899653,0
572,KRO,9.550000190734863,17.26944,9.182693,0
573,KT,14.350000381469727,11.993315,7.284264,0
574,LZB,23.1299991607666,14.961189,7.814189,0
575,LH,232.9600067138672,8.662156,14.550906,0
576,LAZ,35.25,9.458009,8.216784,0
577,LEA,123.26000213623047,47.045803,6.832594,0
578,LEE,17.940000534057617,13.611533,19.290323,0
579,LEG,32.5,17.857141,10.90604,0
580,LDOS,105.91000366210938,24.291285,14.812588,0
581,LEJU,1.3300000429153442,9.5,2.7142859,0
582,LII,242.92999267578125,21.844257,18.102085,0
583,LXP,10.359999656677246,15.696968,79.69231,0
584,LIN,328.95001220703125,69.87043,31.844145,0
585,LNC,29.790000915527344,11.63672,2.7608898,0
586,LNN,166.91000366210938,41.550907,37.2567,0
587,LAD,200.1999969482422,8.602242,7.916172,0
588,LYG,2.25,6818.1816,,0
589,LMT,485.5,19.59004,17.401434,0
590,LPX,60.310001373291016,13.522422,12.9698925,0
591,LOW,201.7100067138672,26.027098,18.106823,0
592,LTC,36.04999923706055,31.212122,18.776041,0
593,LL,5.579999923706055,2.6571429,3.6233766,0
594,LXFR,13.119999885559082,13.015873,8.575164,0
595,LYB,83.75,11.955746,6.786872,0
596,MTB,145.86000061035156,12.853367,12.371501,0
597,MHO,46.540000915527344,4.658659,3.7714748,0
598,MCN,7.599999904632568,16.593885,,0
599,MMP,49.849998474121094,13.770719,12.128953,0
600,MGA,56.060001373291016,22.246033,6.270694,0
601,MX,8.75,1.1603236,7.8828826,0
602,MAIN,36.709999084472656,82.125275,15.295833,0
603,MMD,16.34000015258789,12.835821,,0
604,MAN,83.6500015258789,57.255306,10.45625,0
605,MFC,17.950000762939453,7.5230517,8.122172,0
606,MMI,34.720001220703125,32.148148,22.400002,0
607,MPX,11.890000343322754,17.281977,13.065934,0
608,HZO,29.889999389648438,5.4934754,5.24386,0
609,MKL,1316.0699462890625,6.6416855,20.647472,0
610,MMC,166.44000244140625,38.04343,27.285246,0
611,MLM,339.42999267578125,29.413343,26.049885,0
612,MAS,47.2599983215332,15.800735,11.934343,0
613,DOOR,81.51000213623047,29.425993,8.888768,0
614,MTZ,84.25,19.235159,15.515655,0
615,MA,346.1600036621094,53.108315,33.15709,0
616,MTRN,86.94000244140625,49.85092,21.954546,0
617,MATX,63.880001068115234,10.082071,13.947598,0
618,MMS,74.44000244140625,21.232174,16.87982,0
619,MKC,84.83000183105469,29.88024,26.844936,0
620,MCD,266.8399963378906,38.722973,27.882969,0
621,MDC,31.829999923706055,5.1747684,3.6586208,0
622,MDU,30.719999313354492,15.786228,13.963635,0
623,MTL,2.25,43.26923,0.77586204,0
624,MPW,11.319999694824219,12.004241,8.641221,0
625,MED,114.72000122070312,13.21659,9.387889,0
626,MDT,77.63999938964844,34.36919,13.573427,0
627,MRK,112.12000274658203,40.491154,15.464828,0
628,MCY,33.11000061035156,4.8928623,9.597101,0
629,MTH,92.05999755859375,7.2947702,5.4537916,0
630,MTR,21.6200008392334,71.11842,,0
631,MSB,18.709999084472656,10.487667,-0.9435199,0
632,MEI,44.869998931884766,14.110063,13.043604,0
633,MET,72.31999969482422,12.732395,10.331429,0
634,MTD,1447.239990234375,58.098755,43.90898,0
635,MCR,6.119999885559082,9.698891,29.142857,0
636,MGF,3.2799999713897705,9.507246,,0
637,CXE,3.4700000286102295,138.8,,0
638,CMU,3.0899999141693115,171.66667,,0
639,CIF,1.7100000381469727,13.571428,,0
640,MIN,2.759999990463257,11.2653055,,0
641,CXH,7.050000190734863,14.7181635,,0
642,MMT,4.400000095367432,16.17647,,0
643,MFV,4.159999847412109,51.35802,,0
644,MTG,12.9399995803833,10.038789,6.956989,0
645,MAA,156.82000732421875,68.60018,61.74016,0
646,MLR,26.25,10.034404,,0
647,MTX,60.36000061035156,18.363249,11.675048,0
648,MIXT,6.989999771118164,16.447058,17.923077,0
649,MFG,2.819999933242798,9.778086,2.473684,0
650,MC,39.029998779296875,10.868838,12.046296,0
651,MHK,98.20999908447266,1.96832,6.763774,0
652,MOH,334.3699951171875,27.443367,20.614674,0
653,MCO,276.3599853515625,25.789473,22.934439,0
654,MS,85.05999755859375,11.126226,12.27417,0
655,MSD,6.349999904632568,14.205816,,0
656,IIF,20.229999542236328,17.792437,,0
657,MOS,44.599998474121094,16.573765,18.739494,0
658,MSI,256.6300048828125,47.088078,26.844141,0
659,MSA,141.25,49.388115,25.588768,0
660,MSM,83.44999694824219,25.014988,15.865018,0
661,MSCI,460.42999267578125,59.433327,42.910534,0
662,MLI,60.2599983215332,20.00664,13.1,0
663,MWA,10.920000076293945,22.84519,16.800001,0
664,MUSA,286.010009765625,23.353476,31.673313,0
665,MVO,14.539999961853027,29.67347,6.990385,0
666,MYE,22.780000686645508,22.333334,20.522522,0
667,NC,37.63999938964844,17.923811,,0
668,NTP,1.3300000429153442,3.7300887,,0
669,NBHC,42.459999084472656,13.215063,16.457365,0
670,NGG,60.68000030517578,20.99654,14.311321,0
671,NHI,54.099998474121094,13.067633,14.621621,0
672,NPK,68.12999725341797,10.21133,,0
673,NNN,45.88999938964844,37.614754,28.32716,0
674,NGS,11.0600004196167,80.729935,-158,0
675,NGVC,9.260000228881836,9.576009,12.346667,0
676,NLS,1.5800000429153442,0.8499194,0.8449198,0
677,NNI,89.7300033569336,9.944587,13.804616,0
678,NJR,49.529998779296875,23.892908,21.915928,0
679,NMFC,12.1899995803833,20.316666,9.991803,0
680,EDU,38.560001373291016,160.66667,87.63637,0
681,NYCB,8.649999618530273,7.7927923,6.2230215,0
682,NYT,32.47999954223633,54.13333,26.406504,0
683,NWL,13.039999961853027,9.274537,6.8631577,0
684,NEU,311.8599853515625,13.372497,12.078234,0
685,NEM,48.75,15.296517,12.436224,0
686,NEE,84.0,39.81043,30.882353,0
687,NEP,71.69000244140625,13.805123,36.57653,0
688,NKE,117.55999755859375,54.960262,29.837563,0
689,NL,6.420000076293945,21.4,7.552941,0
690,NMR,3.700000047683716,8.295964,,0
691,NAT,3.1600000858306885,9.432836,21.066666,0
692,NSC,249.52000427246094,27.626219,18.860167,0
693,NOA,12.800000190734863,10.231814,27.234043,0
694,NRT,12.579999923706055,43.680557,,0
695,NOC,541.1900024414062,19.929663,21.223137,0
696,NWN,47.880001068115234,19.052925,18.34483,0
697,NWE,59.209999084472656,17.942425,16.04607,0
698,NVS,91.12999725341797,26.18678,13.421207,0
699,NVO,133.25,45.63356,39.657738,0
700,NRG,32.2400016784668,15.574881,5.5490537,0
701,NUS,42.52000045776367,11.713498,9.934579,0
702,NUE,136.5399932861328,25.336796,28.210741,0
703,NVDA,141.2100067138672,20.465218,9.19336,0
704,NVR,4653.85009765625,18.740889,12.74748,0
705,OFG,27.280000686645508,14.526092,11.226337,0
706,ODC,33.439998626708984,13.560421,,0
707,ORI,24.239999771118164,4.3472023,10.678414,0
708,OHI,28.200000762939453,28.284857,15.666668,0
709,OMC,81.37999725341797,18.044344,12.695787,0
710,ASGN,81.16999816894531,21.083117,14.190559,0
711,OGS,75.91999816894531,20.22376,18.47202,0
712,OLP,22.399999618530273,16.842104,33.432835,0
713,OKE,66.08999633789062,25.546965,19.611275,0
714,OPK,1.0700000524520874,5.661376,15.285715,0
715,OPY,43.02000045776367,3.6857438,16.804688,0
716,ORCL,80.9800033569336,19.377842,16.870832,0
717,ORAN,9.9399995803833,4.83463,8.214875,0
718,OEC,17.709999084472656,59.03333,9.470588,0
719,ORN,2.3499999046325684,3.8651316,4.1964283,0
720,IX,81.01000213623047,11.0142765,7.3846855,0
721,ORA,87.16999816894531,52.830303,44.24873,0
722,OSK,88.4000015258789,17.401575,10.461539,0
723,OMI,19.729999542236328,41.889595,6.5331125,0
724,OC,87.91999816894531,12.754969,10.644067,0
725,OI,16.940000534057617,26.593407,8.822917,0
726,PKG,129.55999755859375,25.398941,15.877451,0
727,PKE,12.100000381469727,40.066227,23.72549,0
728,PH,292.57000732421875,24.825626,17.139427,0
729,PAYC,301.6199951171875,122.60975,55.241756,0
730,PBFX,19.899999618530273,8.32636,9.613526,0
731,PCM,7.940000057220459,19.460785,,0
732,PSO,11.25,19.84127,18.442623,0
733,PFSI,56.650001525878906,2.707935,4.817177,0
734,PMT,13.149999618530273,48.7037,6.0879626,0
735,PAG,112.95999908447266,13.490983,13.368048,0
736,PNR,44.68000030517578,18.045235,13.790124,0
737,PEP,183.07000732421875,33.8893,27.864536,0
738,PKI,140.1999969482422,21.575869,22.467949,0
739,PBT,24.3700008392334,103.70213,,0
740,PBR,10.850000381469727,54.25,8.476563,0
741,PFE,51.130001068115234,29.953135,16.18038,0
742,PM,102.68000030517578,18.537642,15.440601,0
743,PHI,22.200000762939453,9.548388,11.746033,0
744,PFX,34.77000045776367,72.89308,34.77,0
745,FENG,2.680000066757202,3.320942,3.9411764,0
746,DOC,14.710000038146973,46.550632,39.756756,0
747,PDM,9.319999694824219,5.0026836,22.190475,0
748,PCK,6.980000019073486,12.783883,,0
749,PCQ,15.069999694824219,17.401848,,0
750,PZC,8.350000381469727,14.857653,,0
751,PTY,12.34000015258789,21.38648,,0
752,PCN,11.800000190734863,16.098227,,0
753,PGP,6.929999828338623,10.043478,,0
754,PFL,8.09000015258789,11.573677,,0
755,PFN,7.070000171661377,13.88998,,0
756,PMF,10.079999923706055,16.91275,,0
757,PML,9.069999694824219,14.442675,,0
758,PMX,8.649999618530273,14.735945,,0
759,PNF,8.819999694824219,23.395224,,0
760,PNI,7.889999866485596,19.874054,,0
761,PYN,6.78000020980835,23.379313,,0
762,RCS,5.039999961853027,16.153845,,0
763,PNW,77.70999908447266,15.956879,15.177734,0
764,PHD,8.699999809265137,114.47369,,0
765,MAV,7.96999979019165,13.044189,,0
766,MHI,8.600000381469727,18.297873,,0
767,PIPR,133.5500030517578,11.070127,8.728758,0
768,PNC,155.9600067138672,8.149232,11.476086,0
769,PNM,48.81999969482422,19.489021,19.296442,0
770,PII,100.4800033569336,23.975185,9.889764,0
771,POR,49.439998626708984,26.28389,17.784172,0
772,PKX,56.529998779296875,12.571301,3.7093174,0
773,PPG,126.41999816894531,25.213402,14.349602,0
774,PPL,29.690000534057617,15.544503,11.332062,0
775,PX,10.390000343322754,26.37056,1.4078591,0
776,PBH,63.56999969482422,19.381098,18.587719,0
777,PRI,141.10000610351562,14.747074,11.452923,0
778,PFG,85.08000183105469,14.469388,12.420439,0
779,PG,153.9499969482422,28.304834,25.830536,0
780,PGR,130.1699981689453,11.835788,21.80402,0
781,PLD,113.29000091552734,62.41873,53.691948,0
782,PB,71.72000122070312,12.514396,13.159634,0
783,PRLB,24.040000915527344,12.719577,9.616,0
784,PFS,21.420000076293945,11.953125,11.834254,0
785,PUK,27.170000076293945,16.648285,7.284182,0
786,TLK,23.899999618530273,18.384615,10.575221,0
787,PEG,61.810001373291016,16.43883,17.66,0
788,PSA,283.0400085449219,42.188107,35.82785,0
789,PHM,45.869998931884766,8.230755,5.3090277,0
790,PCF,6.449999809265137,105.7377,,0
791,PMM,6.010000228881836,46.230774,,0
792,PMO,10.470000267028809,22.229301,,0
793,KWR,166.3300018310547,74.92342,20.161213,0
794,NX,23.860000610351562,16.909994,13.953217,0
795,PWR,143.97000122070312,46.895767,29.56263,0
796,DGX,157.27999877929688,11.933231,19.709272,0
797,RDN,19.09000015258789,9.545,6.3211923,0
798,RJF,106.54000091552734,14.229999,11.382479,0
799,RYN,33.81999969482422,122.98181,82.48781,0
800,RYAM,8.729999542236328,970.0,-109.125,0
801,RMAX,18.389999389648438,30.649998,7.8589745,0
802,O,64.11000061035156,66.22934,42.17763,0
803,RWT,6.980000019073486,1.8465608,6.122807,0
804,REG,62.61000061035156,240.80771,54.921055,0
805,RM,27.520000457763672,5.2111344,6.283105,0
806,RF,21.440000534057617,14.095989,10.883249,0
807,RGA,142.60000610351562,22.59905,10.288601,0
808,RS,205.92999267578125,23.179874,18.858057,0
809,RNR,186.9499969482422,17.738874,10.831402,0
810,SOL,4.190000057220459,63.484848,13.966666,0
811,RSG,130.9199981689453,43.350994,31.931707,0
812,RMD,206.88999938964844,66.12017,37.616364,0
813,RFP,20.84000015258789,18.027681,11.774012,0
814,RH,260.6300048828125,26.167671,11.166667,0
815,QSR,65.11000061035156,38.3,21.848993,0
816,REX,30.219999313354492,62.053387,3.730864,0
817,REXR,54.43000030517578,90.41528,118.32609,0
818,RIO,71.43000030517578,11.90897,16.966745,0
819,RBA,57.400001525878906,37.272728,27.72947,0
820,RLI,133.67999267578125,20.920187,42.03773,0
821,RHI,73.47000122070312,25.43975,16.18282,0
822,RKT,6.869999885559082,2.2680752,4.490196,0
823,ROK,257.54998779296875,18.982162,26.173779,0
824,ROG,112.48999786376953,31.048855,13.004624,0
825,RCI,45.369998931884766,17.633114,13.96,0
826,ROL,37.02000045776367,58.761906,54.441177,0
827,ROP,433.1499938964844,45.92832,26.887026,0
828,RY,94.8499984741211,14.421468,13.667147,0
829,RPM,99.5,28.436695,22.11111,0
830,R,84.63999938964844,118.04742,12.843702,0
831,SBR,85.93000030517578,37.606125,,0
832,CRM,130.66000366210938,29.83105,31.484337,0
833,SBH,12.5,12.088974,6.510417,0
834,SJT,12.199999809265137,76.72956,,0
835,SNY,48.119998931884766,8.24608,11.011441,0
836,SAP,103.33999633789062,18.823315,16.587479,0
837,SAR,25.56999969482422,8.856945,12.721393,0
838,BFS,41.060001373291016,32.848,12.633846,0
839,SCU,8.260000228881836,1.8193834,1.9435295,0
840,SAIC,111.25,31.25,15.984196,0
841,STNG,54.349998474121094,32.54491,21.397638,0
842,SMG,47.560001373291016,5.629735,5.2668886,0
843,SEE,50.060001373291016,15.541758,13.493261,0
844,SEM,24.559999465942383,12.745199,8.930909,0
845,SRE,158.83999633789062,12.332297,18.621336,0
846,ST,39.709999084472656,29.857141,9.878109,0
847,SXT,73.18000030517578,25.713282,21.46041,0
848,NOW,380.6400146484375,500.84213,53.762714,0
849,SJR,26.290000915527344,22.605331,25.278849,0
850,SHW,239.4199981689453,30.94881,23.35805,0
851,SHG,29.510000228881836,4.972199,6.1995797,0
852,SSTK,51.970001220703125,19.715479,16.291536,0
853,SVM,3.2100000381469727,13.319503,12.346154,0
854,SPG,118.0999984741211,32.896935,25.84245,0
855,SSD,89.33000183105469,19.406908,17.245174,0
856,SJW,83.55000305175781,38.95105,33.420002,0
857,SKM,21.360000610351562,10.544821,4.684211,0
858,SKX,42.5099983215332,44.606503,16.102272,0
859,SLG,34.20000076293945,10.145357,-71.25,0
860,SNN,26.8700008392334,26.240234,14.216931,0
861,SNA,229.6999969482422,18.442392,16.348755,0
862,SQM,77.7699966430664,124.43199,45.47953,0
863,SWI,9.020000457763672,18.870295,8.673078,0
864,SAH,47.849998474121094,10.116279,9.028301,0
865,SON,61.0,31.106579,16.180372,0
866,SOR,36.94020080566406,14.699642,,0
867,SJI,35.15999984741211,21.74397,20.804733,0
868,SO,72.2699966430664,22.726414,20.300562,0
869,SCCO,62.18000030517578,22.685152,18.234604,0
870,SWX,62.189998626708984,15.021739,14.632941,0
871,SPE,11.380000114440918,9.475437,,0
872,SPB,60.13999938964844,12.782146,9.9404955,0
873,SRC,40.66999816894531,271.1333,40.67,0
874,JOE,39.16999816894531,46.191036,356.09088,0
875,STAG,33.09000015258789,25.06818,62.433968,0
876,SMP,35.189998626708984,14.014337,11.315112,0
877,SXI,103.2300033569336,76.63697,21.96383,0
878,SWK,74.41000366210938,7.5589194,6.1546736,0
879,STN,47.130001068115234,37.885853,26.183334,0
880,SGU,12.039999961853027,9.42097,13.681818,0
881,STWD,19.190000534057617,16.571676,9.181819,0
882,STT,77.1500015258789,12.71005,9.6197,0
883,SPLP,41.400001525878906,25.12136,,0
884,SCS,7.059999942779541,32.090908,10.696969,0
885,SCM,13.170000076293945,12.700097,11.452174,0
886,SCL,107.7699966430664,17.928797,14.407754,0
887,STE,183.1999969482422,36.428715,26.171429,0
888,STC,42.93000030517578,5.4136195,7.6660714,0
889,SF,57.75,11.890056,10.5383215,0
890,STM,35.130001068115234,25.456522,17.653267,0
891,LRN,32.0,20.214783,24.06015,0
892,SYK,244.02999877929688,66.13279,23.646318,0
893,RGR,51.150001525878906,10.049116,8.357843,0
894,SPH,15.520000457763672,16.528221,12.031009,0
895,SMFG,8.0600004196167,169.32774,8.395834,0
896,SMLP,16.950000762939453,0.23809524,8.071429,0
897,SUI,143.6300048828125,85.08887,64.6982,0
898,SLF,46.47999954223633,13.9286785,11.767088,0
899,SXC,8.720000267028809,48.444443,18.166668,0
900,SU,31.90999984741211,2279.2856,15.955,0
901,SWZ,7.53000020980835,5.8462734,,0
902,SNX,95.54000091552734,10.036769,11.26651,0
903,SNV,36.83000183105469,11.177542,8.982927,0
904,TMUS,140.99000549316406,53.264072,41.96131,0
905,TWN,23.399999618530273,2.4096384,,0
906,TSM,74.31999969482422,19.924932,16.298246,0
907,TGT,145.5500030517578,16.846064,15.098548,0
908,TMHC,30.84000015258789,10.874472,5.6174865,0
909,TSI,4.710000038146973,12.107969,,0
910,TEL,113.86000061035156,35.152824,16.868149,0
911,TNK,31.459999084472656,12.241245,43.095886,0
912,TDY,397.0299987792969,37.182056,30.055262,0
913,TFX,248.8699951171875,42.238625,16.702684,0
914,TEF,3.559999942779541,12.318338,9.888888,0
915,VIV,7.079999923706055,13.641619,10.114285,0
916,TDS,10.720000267028809,5.528623,8.859504,0
917,TU,19.75,25.816994,8.549784,0
918,TDF,10.4399995803833,1.1747496,,0
919,EMF,11.149999618530273,4.3033576,,0
920,TPX,34.869998931884766,17.549068,11.584718,0
921,TS,35.630001068115234,159.0625,40.03371,0
922,THC,47.41999816894531,12.584926,8.621818,0
923,TNC,61.209999084472656,33.81768,15.496202,0
924,TDC,33.349998474121094,28.75,16.928932,0
925,TER,84.76000213623047,19.272398,15.081851,0
926,TEX,43.0,55.41237,11.227155,0
927,TX,31.399999618530273,4.425028,4.750378,0
928,TRNO,57.15999984741211,49.275864,59.541668,0
929,TPL,2480.3701171875,109.27703,56.824055,0
930,TGH,31.190000534057617,22.933825,7.7975,0
931,TXT,70.75,37.653008,18.766579,0
932,TMO,545.4400024414062,27.446285,27.729538,0
933,TRI,113.6500015258789,50.601067,40.44484,0
934,THO,75.62999725341797,10.788873,7.631685,0
935,TKR,71.3499984741211,17.255138,11.9314375,0
936,TJX,79.02999877929688,1129.0,27.158075,0
937,TOL,50.58000183105469,13.342127,7.4711967,0
938,TR,43.13999938964844,50.10453,-22.123075,0
939,TTC,114.70999908447266,33.728313,29.872396,0
940,TD,65.37000274658203,12.182259,12.817648,0
941,TW,64.33999633789062,66.46694,37.406975,0
942,TM,136.16000366210938,13.673429,11.891704,0
943,TSLX,17.809999465942383,6.720754,8.860696,0
944,TRP,41.0099983215332,10.624352,14.239582,0
945,TCI,44.31999969482422,57.409325,,0
946,TDG,626.4500122070312,95.350075,37.02423,0
947,TGS,11.579999923706055,50.347824,115.799995,0
948,TRV,190.47999572753906,17.219309,15.5114,0
949,THS,48.2400016784668,196.09756,15.028038,0
950,TRMR,6.190000057220459,6.599147,619,0
951,TREX,41.439998626708984,27.443708,18.751131,0
952,TY,25.809999465942383,6.9066095,,0
953,TPH,18.75,7.384797,5.2083335,0
954,TNET,66.31999969482422,15.869825,14.803572,0
955,TSE,23.219999313354492,116.1,3.942275,0
956,TPVG,10.84000015258789,9.385282,6.6097565,0
957,TROX,13.479999542236328,2.0789635,5.5933604,0
958,TBI,19.1299991607666,42.70089,10.396738,0
959,TUP,4.010000228881836,1.8738317,1.075067,0
960,TKC,4.739999771118164,6.362416,6.6760564,0
961,TRQ,31.40999984741211,15.557206,628.2,0
962,TPC,7.619999885559082,3.5943398,3.3568282,0
963,TYL,320.8500061035156,72.78812,46.43271,0
964,TSN,61.689998626708984,11.135379,9.609034,0
965,UBS,18.639999389648438,10.174672,10.900584,0
966,UDR,38.52000045776367,196.53062,385.2,0
967,UGI,37.81999969482422,12.699799,12.006349,0
968,UGP,2.359999895095825,15.733332,8.74074,0
969,UNF,190.92999267578125,28.514036,23.571604,0
970,UL,51.11000061035156,20.051,20.94672,0
971,UNP,210.32000732421875,27.218843,19.438078,0
972,UIS,4.630000114440918,0.38819486,2.0950227,0
973,UMC,6.630000114440918,12.165137,12.509435,0
974,UPS,176.92999267578125,29.87673,15.588545,0
975,URI,358.67999267578125,28.271458,15.17901,0
976,USM,20.719999313354492,7.908397,11.447514,0
977,UNH,531.989990234375,30.247328,24.894243,0
978,UTL,52.20000076293945,24.27907,19.333334,0
979,UVV,53.939998626708984,20.996496,,0
980,UHT,47.9900016784668,32.208054,,0
981,UHS,141.25999450683594,11.979308,11.531428,0
982,UNM,41.08000183105469,10.560411,7.635688,0
983,UBA,18.889999389648438,92.59804,23.6125,0
984,USB,43.650001525878906,11.52019,9.988559,0
985,USPH,80.58000183105469,32.544426,27.786207,0
986,USNA,55.11000061035156,9.056697,8.128319,0
987,VALE,16.8799991607666,8.368864,4.864553,0
988,VHI,22.31999969482422,11.522973,3.9434628,0
989,VLY,11.449999809265137,11.45,9.786325,0
990,VMI,338.0,47.27934,30.097954,0
991,VGR,11.800000190734863,19.666666,12.291667,0
992,VEEV,158.85000610351562,67.309326,41.802635,0
993,VTR,45.81999969482422,39.162395,97.489365,0
994,VRTV,128.16000366210938,61.615387,30.881927,0
995,VZ,39.25,8.6036825,7.591876,0
996,VET,18.270000457763672,11.855938,29.950819,0
997,VIPS,13.869999885559082,10.491679,6.79902,0
998,VHC,1.2100000381469727,0.30867347,0.6612022,0
999,V,206.2899932861328,42.639523,29.219545,0
1000,VSH,21.3799991607666,25.182568,10.636816,0
1001,VPG,38.630001068115234,48.898735,20.768818,0
1002,VGZ,0.4912010133266449,163.73367,-8.186684,0
1003,VSTO,24.290000915527344,24.861822,8.552817,0
1004,VOC,9.739999771118164,43.28889,,0
1005,VMC,175.67999267578125,40.072994,29.279999,0
1006,WTI,5.789999961853027,21.931818,10.527272,0
1007,WNC,23.3700008392334,99.02543,15.89796,0
1008,WAB,100.83999633789062,46.21448,21.008331,0
1009,WMT,143.80999755859375,30.27579,24.582907,0
1010,WD,79.43000030517578,10.331685,8.975141,0
1011,WCN,133.8800048828125,158.6256,38.471264,0
1012,WM,159.5,43.579235,29.266056,0
1013,WAT,346.5299987792969,41.45096,32.53803,0
1014,WSO,252.6699981689453,32.942635,28.012194,0
1015,WTS,147.33999633789062,43.851192,33.33484,0
1016,W,32.150001525878906,17.284946,6.182693,0
1017,WBS,46.72999954223633,14.915417,9.271826,0
1018,WMK,83.4800033569336,19.279448,,0
1019,WFC,41.040000915527344,28.186815,11.495799,0
1020,WCC,123.95999908447266,82.09271,15.871959,0
1021,WST,236.72999572753906,42.516163,30.38896,0
1022,WAL,57.52000045776367,9.395622,6.3487854,0
1023,WES,25.829999923706055,21.815878,9.896552,0
1024,WU,13.84000015258789,7.731844,6.0436683,0
1025,WLK,105.79000091552734,41.32422,18.083761,0
1026,WY,31.469999313354492,17.709623,23.31111,0
1027,WHR,141.69000244140625,6.6099086,6.0994406,0
1028,WTM,1395.47998046875,6.1481934,66.45143,0
1029,WSR,9.59000015258789,68.5,39.958336,0
1030,WMB,33.40999984741211,35.242615,27.162601,0
1031,WSM,117.04000091552734,13.593496,11.622642,0
1032,WGO,52.630001068115234,11.359811,7.3198886,0
1033,WIT,4.579999923706055,17.751938,14.774193,0
1034,WEC,96.01000213623047,24.189972,22.379953,0
1035,WNS,80.20999908447266,40.715736,22.72238,0
1036,WF,30.6299991607666,6.5701413,6.276639,0
1037,INT,27.43000030517578,19.963612,11.622882,0
1038,WWE,69.13999938964844,39.217243,31.285067,0
1039,WOR,49.9900016784668,4.341671,13.086388,0
1040,WPC,79.68000030517578,31.821087,37.233643,0
1041,WRB,73.91000366210938,18.17757,16.497768,0
1042,GWW,565.3300170898438,40.119938,24.827845,0
1043,XRX,14.699999809265137,13.907284,6.6216216,0
1044,XPO,34.7400016784668,20.915112,5.2716236,0
1045,XYL,110.72000122070312,79.08572,35.601288,0
1046,YALA,3.4000000953674316,8.095239,4.1975307,0
1047,AUY,5.75,26.136364,30.263159,0
1048,YETI,40.70000076293945,22.99435,16.086958,0
1049,YUM,129.89999389648438,34.74191,27.521187,0
1050,YUMC,56.77000045776367,24.68261,24.157448,0
1051,ZIM,17.100000381469727,0.6103873,0.8971669,0
1052,ZION,48.84000015258789,9.928847,11.279446,0
1053,ZTS,145.3000030517578,42.48538,29.294355,0
